0.21273 0.226115 0.239616 0.253133 0.266556 0.279716 0.292506 0.304871 0.316807 0.328522 0.339769 0.350562 0.360959 0.370979 0.380674 0.390064 0.399191 0.408073 0.416745 0.425232 
0.24949 0.272465 0.293163 0.311999 0.329317 0.345401 0.360477 0.374717 0.38828 0.401405 0.414015 0.426199 0.437999 0.449469 0.460655 0.471587 0.482297 0.49281 0.503149 0.513321 
0.262815 0.288333 0.311042 0.331457 0.350027 0.367117 0.383032 0.398001 0.412213 0.425928 0.439104 0.451858 0.464225 0.476271 0.488043 0.499574 0.510895 0.522029 0.532996 0.54381 
0.269618 0.296251 0.319859 0.34101 0.360185 0.37779 0.394151 0.409517 0.424092 0.438142 0.451645 0.464723 0.477413 0.489784 0.501883 0.513743 0.525396 0.536866 0.548173 0.559326 
0.273695 0.300939 0.325055 0.346624 0.366158 0.384075 0.40071 0.41633 0.431141 0.445408 0.459132 0.472417 0.485314 0.497893 0.510201 0.522272 0.53414 0.545825 0.55735 0.568717 
0.276385 0.304013 0.328451 0.350294 0.370065 0.38819 0.405012 0.42081 0.435783 0.450203 0.464078 0.477512 0.490558 0.503285 0.515742 0.527965 0.539984 0.551824 0.563504 0.575015 
0.278281 0.306172 0.330831 0.352865 0.372803 0.39108 0.408035 0.423963 0.439058 0.453591 0.467581 0.481127 0.494286 0.507126 0.519694 0.532032 0.544166 0.55612 0.567918 0.57954 
0.279684 0.307764 0.332584 0.354761 0.374824 0.393211 0.41027 0.426296 0.441484 0.45611 0.470189 0.483822 0.497068 0.509997 0.522655 0.53508 0.547305 0.55935 0.571239 0.582948 
0.280757 0.308981 0.333926 0.356211 0.376368 0.394844 0.411986 0.42809 0.443355 0.458053 0.472203 0.485906 0.499224 0.512225 0.524953 0.537452 0.549748 0.561868 0.573831 0.58561 
0.281606 0.309941 0.334982 0.357351 0.377586 0.396133 0.413342 0.42951 0.444836 0.459593 0.473804 0.487566 0.500942 0.514001 0.526791 0.539348 0.551705 0.563885 0.575908 0.587748 
0.28229 0.310715 0.335833 0.358271 0.37857 0.397176 0.414439 0.430661 0.446039 0.460847 0.475107 0.488918 0.502344 0.515453 0.528292 0.540899 0.553307 0.565537 0.577611 0.589503 
0.282852 0.31135 0.336532 0.359028 0.37938 0.398035 0.415345 0.431612 0.447034 0.461884 0.476188 0.49004 0.503508 0.51666 0.529541 0.542192 0.554641 0.566917 0.579033 0.590969 
0.28332 0.311881 0.337116 0.359661 0.380057 0.398755 0.416106 0.432411 0.447871 0.462758 0.477099 0.490987 0.504491 0.51768 0.530598 0.543286 0.555773 0.568084 0.580239 0.592213 
0.283717 0.312332 0.337613 0.360198 0.380632 0.399366 0.416753 0.433091 0.448584 0.463504 0.477876 0.491795 0.505333 0.518552 0.531503 0.544223 0.556743 0.569086 0.581274 0.593283 
0.284057 0.312716 0.338038 0.360659 0.381127 0.399893 0.417308 0.433676 0.449199 0.464148 0.478548 0.492495 0.50606 0.519308 0.532287 0.545035 0.557584 0.569957 0.582173 0.594211 
0.28435 0.31305 0.338406 0.361059 0.381556 0.400349 0.417792 0.434186 0.449735 0.464709 0.479134 0.493105 0.506695 0.519969 0.532972 0.545746 0.55832 0.570718 0.58296 0.595026 
0.284607 0.313343 0.338728 0.361408 0.381932 0.40075 0.418218 0.434634 0.450206 0.465201 0.47965 0.493643 0.507255 0.52055 0.533577 0.546373 0.55897 0.571391 0.583655 0.595746 
0.284833 0.3136 0.339012 0.361717 0.382263 0.401104 0.418593 0.43503 0.450622 0.465639 0.480106 0.494119 0.507752 0.521068 0.534114 0.546931 0.559548 0.571989 0.584275 0.596387 
0.285034 0.313828 0.339264 0.361991 0.382558 0.401418 0.418927 0.435383 0.450994 0.466028 0.480514 0.494545 0.508196 0.52153 0.534595 0.54743 0.560065 0.572525 0.584828 0.596961 
0.285213 0.314031 0.33949 0.362236 0.382822 0.401701 0.419227 0.435699 0.451327 0.466379 0.48088 0.494928 0.508595 0.521946 0.535027 0.547878 0.560531 0.573007 0.585328 0.597479 
0.285374 0.314215 0.339692 0.362457 0.38306 0.401954 0.419497 0.435984 0.451627 0.466695 0.481211 0.495273 0.508956 0.522321 0.535418 0.548285 0.560952 0.573444 0.58578 0.597948 
0.28552 0.31438 0.339875 0.362656 0.383275 0.402184 0.41974 0.436242 0.4519 0.466981 0.481511 0.495587 0.509283 0.522663 0.535774 0.548654 0.561336 0.573842 0.586192 0.598375 
0.285651 0.31453 0.340042 0.362838 0.38347 0.402393 0.419964 0.436477 0.452148 0.467242 0.481785 0.495873 0.509582 0.522975 0.536098 0.548991 0.561686 0.574204 0.586568 0.598766 
0.285771 0.314667 0.340193 0.363003 0.383648 0.402584 0.420166 0.436693 0.452375 0.467481 0.482036 0.496135 0.509856 0.52326 0.536395 0.549301 0.562006 0.574538 0.586913 0.599124 
0.285881 0.314792 0.340331 0.363154 0.383812 0.402759 0.420352 0.43689 0.452583 0.4677 0.482266 0.496376 0.510107 0.523522 0.536669 0.549585 0.562302 0.574844 0.58723 0.599454 
0.285983 0.314907 0.340458 0.363293 0.383962 0.402919 0.420525 0.437072 0.452775 0.467902 0.482477 0.496598 0.51034 0.523765 0.536921 0.549848 0.562575 0.575127 0.587524 0.599759 
0.286075 0.315013 0.340576 0.363421 0.3841 0.403068 0.420683 0.437239 0.452953 0.468089 0.482674 0.496803 0.510554 0.523989 0.537155 0.550091 0.562828 0.57539 0.587796 0.600042 
0.286162 0.315111 0.340684 0.36354 0.384229 0.403205 0.42083 0.437395 0.453117 0.468262 0.482856 0.496994 0.510754 0.524197 0.537372 0.550317 0.563063 0.575633 0.588049 0.600304 
0.286241 0.315202 0.340785 0.36365 0.384348 0.403333 0.420966 0.437539 0.45327 0.468424 0.483025 0.497171 0.510939 0.524391 0.537574 0.550527 0.563281 0.575861 0.588284 0.600549 
0.286316 0.315286 0.340879 0.363753 0.384458 0.403453 0.421092 0.437674 0.453412 0.468574 0.483183 0.497337 0.511112 0.524572 0.537762 0.550723 0.563486 0.576073 0.588504 0.600778 
0.286385 0.315365 0.340967 0.363848 0.384562 0.403563 0.421211 0.437799 0.453546 0.468713 0.48333 0.497491 0.511274 0.524741 0.537939 0.550907 0.563677 0.576271 0.58871 0.600992 
0.28645 0.315438 0.341048 0.363937 0.384658 0.403667 0.421322 0.437917 0.45367 0.468846 0.483468 0.497636 0.511426 0.524899 0.538104 0.551079 0.563856 0.576457 0.588903 0.601193 
0.28651 0.315507 0.341124 0.364021 0.384749 0.403764 0.421426 0.438027 0.453787 0.468968 0.483597 0.497772 0.511568 0.525048 0.53826 0.551241 0.564024 0.576632 0.589085 0.601382 
0.286568 0.315572 0.341196 0.364099 0.384834 0.403855 0.421523 0.43813 0.453896 0.469085 0.48372 0.4979 0.511702 0.525188 0.538406 0.551394 0.564183 0.576797 0.589256 0.601559 
0.286621 0.315632 0.341264 0.364173 0.384913 0.403941 0.421615 0.438227 0.454 0.469193 0.483835 0.49802 0.511828 0.52532 0.538543 0.551537 0.564332 0.576952 0.589417 0.601728 
0.286671 0.315689 0.341327 0.364243 0.384989 0.404022 0.421701 0.438319 0.454097 0.469296 0.483943 0.498134 0.511947 0.525445 0.538674 0.551673 0.564473 0.577099 0.58957 0.601886 
0.286719 0.315743 0.341387 0.364308 0.38506 0.404099 0.421783 0.438406 0.454189 0.469394 0.484045 0.498241 0.51206 0.525562 0.538797 0.551801 0.564607 0.577238 0.589714 0.602037 
0.286764 0.315794 0.341443 0.36437 0.385127 0.404171 0.42186 0.438488 0.454277 0.469485 0.484142 0.498343 0.512167 0.525674 0.538913 0.551923 0.564733 0.57737 0.589851 0.602179 
0.286806 0.315842 0.341497 0.364429 0.385191 0.404239 0.421934 0.438566 0.454359 0.469573 0.484234 0.49844 0.512268 0.52578 0.539024 0.552038 0.564854 0.577495 0.58998 0.602314 
0.286846 0.315887 0.341548 0.364484 0.385251 0.404304 0.422002 0.438639 0.454438 0.469656 0.484321 0.498531 0.512364 0.525881 0.539129 0.552148 0.564968 0.577614 0.590104 0.602443 
0.286885 0.315931 0.341596 0.364537 0.385308 0.404366 0.422069 0.438709 0.454512 0.469734 0.484404 0.498618 0.512455 0.525976 0.539229 0.552252 0.565077 0.577726 0.590221 0.602565 
0.286921 0.315972 0.341642 0.364587 0.385363 0.404424 0.422131 0.438776 0.454583 0.46981 0.484483 0.498701 0.512542 0.526067 0.539324 0.552352 0.56518 0.577834 0.590333 0.602681 
0.286956 0.316011 0.341685 0.364635 0.385415 0.40448 0.422191 0.438839 0.45465 0.469881 0.484558 0.49878 0.512625 0.526154 0.539415 0.552446 0.565279 0.577937 0.59044 0.602792 
0.286989 0.316048 0.341726 0.36468 0.385464 0.404533 0.422247 0.4389 0.454715 0.46995 0.48463 0.498855 0.512704 0.526237 0.539502 0.552537 0.565373 0.578035 0.590542 0.602899 
0.28702 0.316084 0.341766 0.364724 0.385511 0.404584 0.422302 0.438958 0.454776 0.470014 0.484699 0.498927 0.51278 0.526316 0.539585 0.552623 0.565463 0.578129 0.590639 0.603 
0.28705 0.316118 0.341804 0.364765 0.385556 0.404633 0.422354 0.439013 0.454835 0.470077 0.484764 0.498996 0.512852 0.526392 0.539664 0.552706 0.56555 0.578218 0.590733 0.603097 
0.287079 0.31615 0.34184 0.364805 0.385599 0.404679 0.422403 0.439066 0.454891 0.470136 0.484827 0.499062 0.512922 0.526465 0.53974 0.552785 0.565632 0.578305 0.590822 0.60319 
0.287106 0.316181 0.341874 0.364843 0.38564 0.404723 0.422451 0.439116 0.454945 0.470193 0.484887 0.499125 0.512988 0.526534 0.539812 0.552861 0.565711 0.578387 0.590908 0.60328 
0.287133 0.316211 0.341907 0.364879 0.38568 0.404766 0.422496 0.439165 0.454997 0.470247 0.484945 0.499185 0.513052 0.526601 0.539882 0.552934 0.565787 0.578466 0.59099 0.603365 
0.287158 0.316239 0.341939 0.364914 0.385718 0.404807 0.422539 0.439211 0.455046 0.4703 0.485 0.499243 0.513113 0.526665 0.539949 0.553004 0.56586 0.578542 0.591069 0.603448 
