0.256139 0.164943 0.108911 0.0738709 0.0514234 0.0366762 0.0267441 0.0198972 0.0150727 0.0116055 0.00906808 0.00717968 0.00575375 0.00466174 0.00381484 0.0031504 0.00262355 0.00220168 0.00186082 0.00158309 0.00135504 0.00116642 0.00100938 0.000877785 0.000766875 0.000672881 0.000592808 0.000524262 0.000465314 0.0004144 0.000370245 0.000331802 
2.24666 1.38197 0.874218 0.569254 0.381879 0.265009 0.191359 0.142512 0.111471 0.091492 0.0777366 0.0682146 0.0618568 0.0573319 0.0542751 0.0515066 0.0496618 0.047743 0.0462003 0.0447624 0.0433773 0.0420373 0.0408782 0.0395543 0.0380711 0.0368789 0.0354437 0.034147 0.032868 0.0316133 0.0303745 0.0291761 
5.90238 4.25801 3.12416 2.32091 1.74783 1.33168 1.02535 0.797095 0.625856 0.495659 0.395917 0.318874 0.25904 0.212282 0.175358 0.145964 0.122606 0.103891 0.0886852 0.0763609 0.0663142 0.0580655 0.0512529 0.0455839 0.0408765 0.0370865 0.0337399 0.0309339 0.0285213 0.0264614 0.0246546 0.0230965 
8.12014 6.00534 4.57498 3.55725 2.80285 2.23445 1.79846 1.46139 1.19511 0.983968 0.815945 0.680646 0.571056 0.481539 0.408625 0.348331 0.298192 0.256584 0.221709 0.192371 0.167666 0.14674 0.128932 0.113724 0.100608 0.0894347 0.0797431 0.0713919 0.0641215 0.0578083 0.0522777 0.0474233 
9.89326 7.30688 5.59355 4.39992 3.52307 2.86125 2.34864 1.94678 1.62626 1.37045 1.15976 0.987532 0.845351 0.727141 0.628341 0.545223 0.474642 0.414601 0.364014 0.32123 0.283952 0.250866 0.223011 0.198751 0.177673 0.159255 0.143144 0.128949 0.116476 0.105585 0.0958512 0.0875682 
11.455 8.4344 6.45217 5.0769 4.08436 3.3424 2.7654 2.31745 1.95855 1.66717 1.4288 1.23142 1.06712 0.928674 0.811958 0.712302 0.627569 0.554629 0.491775 0.437705 0.390598 0.349389 0.313418 0.281934 0.254304 0.229917 0.208288 0.189069 0.172065 0.156893 0.143257 0.131077 
13.0967 9.4965 7.21373 5.67971 4.56746 3.74473 3.11362 2.62201 2.22536 1.90748 1.64608 1.42911 1.24742 1.09462 0.964557 0.853251 0.757691 0.674693 0.602688 0.540031 0.485268 0.437214 0.395008 0.357724 0.324686 0.295375 0.269118 0.24583 0.224967 0.206197 0.189395 0.174235 
14.5919 10.5261 7.95762 6.22765 5.00639 4.10381 3.41644 2.88248 2.45622 2.11498 1.83259 1.59836 1.3996 1.23382 1.09315 0.971883 0.867619 0.77752 0.698841 0.629385 0.568857 0.515298 0.467647 0.425533 0.388195 0.354899 0.324989 0.298206 0.274146 0.252344 0.232693 0.214897 
16.062 11.5252 8.65657 6.75436 5.41062 4.43211 3.6934 3.11596 2.66026 2.29213 1.99117 1.74334 1.53465 1.35762 1.20621 1.07683 0.964699 0.867262 0.781865 0.707506 0.642086 0.583975 0.532321 0.486227 0.445123 0.408336 0.375273 0.34542 0.318562 0.29425 0.272249 0.252346 
17.4215 12.4751 9.35188 7.25748 5.79852 4.7391 3.94578 3.33138 2.84699 2.45447 2.13553 1.87164 1.65045 1.46443 1.30572 1.16859 1.04984 0.946477 0.855891 0.776819 0.706794 0.644815 0.589458 0.540103 0.495723 0.456171 0.420522 0.38846 0.359084 0.332707 0.308733 0.286757 
18.6899 13.4019 9.99969 7.75061 6.17531 5.04066 4.16909 3.52887 3.01761 2.60651 2.2688 1.98933 1.75713 1.56115 1.39359 1.25031 1.12673 1.01788 0.922775 0.839019 0.765364 0.699908 0.640869 0.588557 0.541473 0.499532 0.461467 0.427111 0.396007 0.367659 0.341909 0.318301 
20.1944 14.2694 10.6534 8.23171 6.53692 5.32515 4.41939 3.70915 3.17779 2.74584 2.39229 2.10128 1.85607 1.64938 1.47498 1.32468 1.19478 1.08203 0.983169 0.89597 0.81843 0.749754 0.688205 0.633444 0.583938 0.539427 0.499242 0.462992 0.429995 0.399806 0.372364 0.347491 
21.2437 15.1044 11.2869 8.68973 6.90117 5.58809 4.64192 3.90826 3.33449 2.87571 2.50768 2.20295 1.94949 1.73404 1.55037 1.39358 1.25874 1.14068 1.0376 0.947062 0.866939 0.795412 0.731439 0.674213 0.622609 0.576063 0.534006 0.495831 0.461322 0.429702 0.400973 0.37467 
22.4757 16.088 11.8876 9.16434 7.24629 5.88134 4.84673 4.08532 3.46984 2.9976 2.61659 2.29873 2.03499 1.81323 1.62275 1.45904 1.31797 1.19589 1.08883 0.994841 0.911584 0.837402 0.771078 0.711698 0.658267 0.609767 0.56621 0.526485 0.490332 0.457388 0.427256 0.399814 
23.6239 16.9252 12.449 9.618 7.59306 6.14696 5.07309 4.25635 3.63128 3.11409 2.71709 2.39261 2.11581 1.88528 1.68961 1.52131 1.37498 1.2476 1.1368 1.03949 0.953057 0.876186 0.807717 0.746304 0.690918 0.641003 0.595723 0.554823 0.517429 0.48331 0.452058 0.42324 
24.7831 17.5384 13.1068 10.0341 7.94447 6.40664 5.28497 4.4284 3.77232 3.24832 2.81341 2.47025 2.19733 1.95369 1.75178 1.57858 1.4285 1.29735 1.1824 1.08116 0.992456 0.913172 0.842308 0.778987 0.721766 0.670242 0.623442 0.581014 0.542319 0.507175 0.474876 0.445178 
25.9562 18.3092 13.702 10.4351 8.27006 6.67323 5.4882 4.59628 3.90418 3.35349 2.91902 2.55696 2.26069 2.02373 1.81065 1.63255 1.47753 1.34383 1.22558 1.12165 1.02959 0.948056 0.875373 0.809711 0.75081 0.697906 0.649782 0.605886 0.565921 0.529531 0.496168 0.465639 
27.1075 19.0467 14.2483 10.8896 8.57336 6.93132 5.69283 4.7609 4.03795 3.46981 3.0279 2.64031 2.33524 2.07867 1.8716 1.6838 1.52548 1.38085 1.26644 1.15968 1.06508 0.981123 0.906407 0.839141 0.778703 0.723931 0.674591 0.629638 0.588659 0.550902 0.51644 0.484838 
28.1826 19.7804 14.6162 11.3205 8.86814 7.177 5.90107 4.93042 4.1728 3.58397 3.11078 2.73811 2.40628 2.142 1.91869 1.73657 1.57045 1.42901 1.30444 1.19518 1.09872 1.01242 0.93552 0.866968 0.804906 0.748904 0.69807 0.651831 0.609817 0.571368 0.535968 0.503575 
29.2179 20.5302 15.1258 11.6001 9.21461 7.4122 6.09492 5.08591 4.31231 3.69276 3.20488 2.817 2.48932 2.20344 1.97354 1.78723 1.61611 1.46868 1.34183 1.22409 1.12568 1.04239 0.963621 0.89284 0.829531 0.772606 0.720506 0.672969 0.629757 0.590391 0.554387 0.521104 
30.2375 21.2874 15.6319 12.1041 9.51547 7.63247 6.28602 5.24675 4.44502 3.81069 3.29512 2.87899 2.55761 2.27565 2.02684 1.82495 1.66065 1.50957 1.3771 1.26264 1.16114 1.07077 0.990475 0.918028 0.85302 0.79445 0.741649 0.693568 0.64926 0.608612 0.571748 0.537792 
31.2718 21.9838 16.1294 12.3397 9.80721 7.8652 6.47264 5.39918 4.57383 3.91706 3.38567 2.96189 2.60782 2.33436 2.08937 1.87248 1.6961 1.54776 1.41312 1.29422 1.19079 1.09837 1.01619 0.942274 0.875761 0.815664 0.761512 0.712427 0.66774 0.626556 0.588494 0.553636 
32.5743 22.7307 16.6414 12.6872 10.0015 8.11428 6.64224 5.55245 4.69766 4.0266 3.47299 3.03911 2.67349 2.39075 2.14111 1.91723 1.73481 1.58058 1.44658 1.32606 1.21954 1.1251 1.04092 0.965682 0.897621 0.836353 0.780716 0.730394 0.684912 0.643029 0.604559 0.569083 
33.5065 23.3498 17.1336 13.0336 10.2651 8.33647 6.81956 5.6998 4.82008 4.12767 3.5723 3.1141 2.74515 2.43517 2.1911 1.97128 1.77524 1.61576 1.48083 1.35585 1.24731 1.15097 1.06479 0.987977 0.918914 0.856507 0.799722 0.748033 0.70112 0.65857 0.619626 0.583534 
34.429 24.0056 17.6212 13.3984 10.5273 8.55633 7.0069 5.83991 4.94111 4.22692 3.6618 3.19088 2.80966 2.489 2.23821 2.01624 1.82325 1.64558 1.50324 1.38619 1.27412 1.17585 1.08816 1.00964 0.939028 0.875592 0.818105 0.765343 0.717497 0.673746 0.633899 0.59724 
35.3326 24.6909 18.1352 13.7232 10.7825 8.68934 7.17474 5.97077 5.05814 4.32473 3.74461 3.27007 2.87572 2.54445 2.27536 2.05789 1.86212 1.69184 1.53478 1.41121 1.30102 1.19989 1.11085 1.03085 0.959151 0.890314 0.835391 0.782165 0.733491 0.688654 0.647946 0.610655 
35.9298 25.3924 18.5774 14.0816 11.0283 8.88184 7.34625 6.10772 5.17306 4.42283 3.82577 3.34224 2.94236 2.59414 2.32719 2.09855 1.8994 1.72565 1.56539 1.43749 1.32803 1.22376 1.13257 1.05144 0.978667 0.912086 0.848722 0.798028 0.748512 0.70337 0.661827 0.623454 
36.6404 26.1512 19.0491 14.4466 11.2946 9.07893 7.46396 6.24916 5.27725 4.51837 3.90458 3.4122 3.00325 2.65891 2.36696 2.13389 1.93491 1.75949 1.60493 1.46477 1.34821 1.24799 1.1538 1.07109 0.996956 0.930073 0.868682 0.810399 0.763175 0.717302 0.675151 0.636406 
37.9796 26.7455 19.4969 14.777 11.5258 9.27154 7.6078 6.38274 5.38725 4.61252 3.98324 3.47827 3.0632 2.71586 2.41114 2.17417 1.97004 1.79138 1.63489 1.49773 1.3695 1.27163 1.17554 1.09015 1.01495 0.946875 0.885364 0.829283 0.778195 0.727974 0.685542 0.646451 
38.2893 27.3087 19.9023 15.1496 11.7893 9.4566 7.75719 6.4866 5.492 4.7037 4.06314 3.54472 3.12189 2.76737 2.46321 2.20787 2.00093 1.82236 1.66397 1.5243 1.40233 1.28352 1.19688 1.10976 1.03235 0.963224 0.900645 0.843862 0.791944 0.744495 0.700913 0.65819 
39.6421 27.8658 20.3424 15.4524 12.0548 9.65101 7.91094 6.60214 5.60273 4.78694 4.14343 3.60729 3.17876 2.8193 2.51452 2.25318 2.03544 1.85279 1.69172 1.55066 1.42579 1.30956 1.21783 1.12917 1.04975 0.979202 0.9158 0.857947 0.80543 0.757263 0.712472 0.672482 
40.4539 28.4362 20.7234 15.8174 12.3092 9.8353 8.05647 6.71048 5.70962 4.87385 4.21548 3.67401 3.23408 2.86987 2.55926 2.29816 2.06953 1.87838 1.71915 1.57596 1.44926 1.3364 1.23221 1.14836 1.06717 0.995045 0.930378 0.871764 0.818418 0.76966 0.724833 0.683684 
41.2059 29.0507 21.1663 16.1056 12.5567 10.0142 8.19222 6.83285 5.78506 4.96506 4.28554 3.74085 3.28624 2.91636 2.60386 2.3354 2.09709 1.90852 1.74581 1.60053 1.47148 1.3572 1.25577 1.1601 1.0845 1.01064 0.944835 0.885322 0.831211 0.781758 0.736374 0.694608 
41.9787 29.5934 21.7701 16.4151 12.8156 10.2035 8.34861 6.94446 5.87441 5.04994 4.35533 3.80442 3.34133 2.96134 2.64475 2.37302 2.14265 1.93887 1.76648 1.62448 1.4936 1.37828 1.2747 1.18263 1.09514 1.02625 0.959131 0.898573 0.843993 0.793601 0.747551 0.705308 
42.7574 30.1858 22.1623 16.6883 13.0433 10.4114 8.49017 7.05625 5.9576 5.11197 4.42804 3.86286 3.39684 3.00585 2.68528 2.41109 2.17438 1.96846 1.79318 1.64813 1.51563 1.39839 1.29312 1.19953 1.11598 1.04151 0.973196 0.911535 0.855846 0.805291 0.758434 0.715662 
43.482 30.6689 22.5242 16.9558 13.3001 10.5959 8.62254 7.17016 6.05294 5.18696 4.47592 3.91964 3.45025 3.05146 2.72401 2.44697 2.20853 2.00286 1.81947 1.66508 1.53669 1.41813 1.31198 1.21661 1.13187 1.05552 0.986827 0.924453 0.867743 0.816682 0.769633 0.725889 
44.1828 31.1688 22.8996 17.2353 13.515 10.7753 8.75978 7.29504 6.14834 5.25617 4.55347 3.97175 3.4934 3.09805 2.7618 2.48101 2.23992 2.02968 1.84514 1.68855 1.55736 1.42896 1.32954 1.23341 1.14705 1.06978 1.00035 0.93716 0.88039 0.827802 0.779878 0.736113 
44.8909 31.7118 23.3305 17.5388 13.7484 10.9661 8.90789 7.40384 6.23936 5.33317 4.6147 4.01936 3.54272 3.13492 2.79983 2.51426 2.27085 2.05893 1.87622 1.7194 1.57691 1.44809 1.34729 1.24984 1.16228 1.0837 1.01305 0.949762 0.891159 0.838786 0.790061 0.745651 
45.5728 32.2091 23.6895 17.9966 13.9486 11.1451 9.06112 7.51064 6.33239 5.40537 4.67377 4.07463 3.59076 3.18031 2.83306 2.5441 2.29737 2.08425 1.9015 1.73427 1.5993 1.46692 1.3565 1.26562 1.17731 1.09758 1.0261 0.961278 0.902997 0.849658 0.80022 0.755138 
45.8071 32.6816 24.0596 18.2727 14.1513 11.3392 9.20338 7.61484 6.42897 5.48338 4.73845 4.13416 3.6394 3.22437 2.87019 2.57639 2.32501 2.11038 1.92231 1.76266 1.62059 1.49045 1.38147 1.28136 1.19186 1.11127 1.03856 0.972973 0.913749 0.859712 0.810114 0.764529 
46.6702 33.1514 24.4182 18.5411 14.3441 11.4952 9.3398 7.72068 6.51577 5.55892 4.80057 4.18423 3.68652 3.26498 2.90669 2.60741 2.3529 2.13634 1.94564 1.78116 1.63236 1.51162 1.39787 1.29663 1.20603 1.12462 1.05108 0.984519 0.924331 0.870711 0.820134 0.773706 
47.091 33.6356 24.7541 18.7955 14.5422 11.6735 9.48454 7.83626 6.59986 5.63311 4.85829 4.23725 3.73566 3.30258 2.94337 2.6361 2.38046 2.16166 1.97015 1.80148 1.65706 1.52982 1.41477 1.31179 1.21622 1.13826 1.06376 0.99639 0.935186 0.879451 0.829007 0.782641 
47.6445 34.129 24.7078 19.1004 14.7508 11.8349 9.61813 7.95047 6.68514 5.71016 4.92028 4.29135 3.7761 3.34247 2.97995 2.66979 2.40787 2.18588 1.9928 1.82197 1.67437 1.54566 1.43154 1.32688 1.23462 1.15048 1.07564 1.00756 0.945558 0.889346 0.838272 0.791376 
49.1061 34.5454 25.0399 19.3533 14.9853 12.0003 9.77031 8.06233 6.76527 5.78151 4.98323 4.34472 3.81554 3.38516 3.01508 2.70279 2.43464 2.20983 2.01425 1.84289 1.69218 1.56189 1.44622 1.34232 1.24839 1.16353 1.08712 1.0183 0.956055 0.899086 0.847222 0.79983 
49.4513 34.9966 25.8122 19.4581 15.2246 12.145 9.89873 8.17512 6.8532 5.84821 5.0456 4.39212 3.86113 3.42607 3.04932 2.73361 2.462 2.23275 2.03597 1.86316 1.71025 1.57747 1.46105 1.35714 1.2627 1.17634 1.09854 1.02936 0.966186 0.908572 0.856117 0.808213 
50.0496 35.418 26.1245 19.7114 15.4408 12.289 10.0305 8.28337 6.94005 5.91584 5.11061 4.44159 3.90619 3.46203 3.08319 2.76514 2.49162 2.25743 2.05712 1.88285 1.72856 1.59334 1.47521 1.37129 1.27541 1.18888 1.11047 1.04036 0.976467 0.917976 0.864705 0.816277 
50.9757 35.9159 26.4195 19.9539 15.6932 12.4411 10.1499 8.38502 7.02844 5.98295 5.16778 4.49271 3.95207 3.49449 3.11991 2.79399 2.51935 2.28093 2.07786 1.90162 1.74676 1.60911 1.4891 1.38443 1.28843 1.2007 1.12191 1.05079 0.98643 0.927377 0.873875 0.824724 
51.349 35.9409 26.7287 20.1907 15.8815 12.5836 10.2854 8.50455 7.12342 6.05097 5.2207 4.5456 3.99247 3.53228 3.15414 2.82271 2.54621 2.30457 2.09876 1.92027 1.76444 1.62465 1.50405 1.39692 1.30084 1.21305 1.13341 1.06133 0.995962 0.936673 0.882204 0.832852 
51.8255 36.0216 27.0444 20.4173 16.0926 12.7407 10.4072 8.61395 7.21385 6.12107 5.2751 4.60005 4.03076 3.57129 3.18581 2.85231 2.57163 2.3293 2.11977 1.9388 1.78106 1.64221 1.51787 1.40927 1.31256 1.22465 1.14494 1.07115 1.00541 0.945571 0.890689 0.840701 
52.3685 36.9265 27.3597 20.6553 16.2691 12.889 10.5234 8.71262 7.30035 6.18808 5.3272 4.65035 4.07292 3.60994 3.2143 2.88183 2.59597 2.35269 2.14044 1.95753 1.79705 1.65781 1.5313 1.42142 1.32371 1.23723 1.15632 1.08162 1.01454 0.954539 0.899323 0.848489 
52.9701 36.8488 27.6798 20.8863 16.4462 13.038 10.6311 8.79663 7.38278 6.25486 5.38339 4.69609 4.1156 3.64496 3.24563 2.91256 2.61954 2.37574 2.16119 1.9754 1.81371 1.67307 1.54545 1.43328 1.33471 1.24773 1.16671 1.09176 1.0239 0.963106 0.907323 0.856176 
53.509 37.204 27.7191 21.1122 16.468 13.2006 10.7425 8.89978 7.46613 6.331 5.44061 4.73626 4.16228 3.67726 3.27859 2.9402 2.64598 2.3977 2.18141 1.99368 1.82979 1.68665 1.55995 1.4457 1.34539 1.25749 1.17696 1.10206 1.03353 0.971437 0.915362 0.863959 
54.0572 37.7135 28.2861 21.3019 16.6346 13.3438 10.8511 9.00339 7.55873 6.4077 5.49903 4.77971 4.20466 3.71159 3.3106 2.96646 2.67249 2.41847 2.20151 2.01203 1.84646 1.70114 1.57414 1.45805 1.35685 1.2669 1.18668 1.1119 1.04282 0.979833 0.9232 0.871514 
54.6088 38.0661 28.5728 21.4729 16.8146 13.579 10.9629 9.09851 7.64212 6.48412 5.55052 4.82355 4.24433 3.75025 3.34164 2.99287 2.69945 2.43858 2.22149 2.02936 1.8628 1.71553 1.58768 1.47148 1.36837 1.27659 1.19528 1.12162 1.05215 0.988246 0.931437 0.879248 
55.1283 38.2883 28.8736 21.9608 16.9979 13.7155 11.0778 9.18723 7.6978 6.55282 5.607 4.8697 4.28539 3.78331 3.37138 3.0207 2.72465 2.46185 2.24031 2.04697 1.87899 1.72982 1.60077 1.48463 1.37929 1.28668 1.20402 1.13101 1.06191 0.997478 0.939315 0.886458 
55.6997 39.0817 28.842 22.1769 17.1704 13.8546 11.1917 9.26078 7.77861 6.61575 5.66437 4.91567 4.31958 3.8211 3.3989 3.04972 2.74616 2.48547 2.25794 2.06449 1.89413 1.74401 1.6134 1.49695 1.39077 1.29659 1.21275 1.13911 1.07032 1.00564 0.946934 0.893296 
56.4644 39.7586 29.103 22.3966 17.3309 13.9914 11.3062 9.34191 7.86479 6.68779 5.73008 4.96411 4.35335 3.85909 3.43112 3.07699 2.76822 2.50852 2.27656 2.08223 1.91006 1.76084 1.62593 1.50795 1.40255 1.30668 1.22173 1.14682 1.07799 1.01396 0.954748 0.900504 
57.3354 40.4681 29.5349 22.5979 17.4867 14.1198 11.4104 9.43467 7.94331 6.76158 5.79483 5.00916 4.38792 3.89231 3.45844 3.10183 2.79243 2.53139 2.29595 2.0991 1.9256 1.77471 1.63843 1.51917 1.41351 1.31899 1.23264 1.15484 1.08533 1.02245 0.962323 0.907476 
57.9361 40.4714 29.3756 22.8012 17.6438 14.2521 11.537 9.52442 8.01468 6.7984 5.85203 5.05537 4.42347 3.9243 3.48857 3.12871 2.81668 2.55152 2.31654 2.11481 1.9407 1.7883 1.6517 1.53018 1.42403 1.32926 1.24174 1.16326 1.0928 1.02924 0.969794 0.914484 
58.375 40.9593 30.156 23.0067 17.7781 14.3848 11.6397 9.61198 8.08114 6.86122 5.90515 5.10118 4.46525 3.95201 3.5201 3.15415 2.8398 2.56958 2.33644 2.13117 1.95659 1.80181 1.66423 1.5423 1.43475 1.33952 1.25071 1.17155 1.09999 1.03641 0.976886 0.921467 
58.375 40.9593 30.156 23.0067 17.7781 14.3848 11.6397 9.61198 8.08114 6.86122 5.90515 5.10118 4.46525 3.95201 3.5201 3.15415 2.8398 2.56958 2.33644 2.13117 1.95659 1.80181 1.66423 1.5423 1.43475 1.33952 1.25071 1.17155 1.09999 1.03641 0.976886 0.921467 
73.7732 51.7229 38.5171 29.164 22.6774 17.8863 14.7803 12.2329 10.0834 8.60497 7.38288 6.42721 5.6254 4.95035 4.3856 3.94117 3.53675 3.20305 2.91163 2.65782 2.4207 2.22353 2.05011 1.89614 1.76011 1.63625 1.52736 1.42832 1.33803 1.25882 1.18586 1.11842 
84.8107 59.5756 44.2259 33.5166 26.2069 20.8053 16.91 13.9965 11.767 10.005 8.58859 7.44948 6.42983 5.67528 5.02107 4.4994 4.04021 3.65894 3.30995 3.01096 2.75609 2.52872 2.3363 2.16132 2.00334 1.85998 1.73537 1.61793 1.51734 1.42667 1.34068 1.26495 
92.7207 65.7295 49.0965 37.0742 28.9631 22.9671 18.7794 15.4448 13.055 11.1291 9.30035 8.1473 7.13418 6.28276 5.56051 4.96815 4.44474 4.00488 3.62634 3.31688 3.03585 2.78007 2.55504 2.35928 2.18516 2.03484 1.89384 1.76856 1.66091 1.55984 1.46638 1.38089 
101.817 72.4622 52.3611 39.3155 31.2882 24.8649 20.1663 16.6329 13.926 11.8473 10.1858 8.81663 7.66933 6.61871 5.98596 5.33196 4.782 4.32382 3.91805 3.55107 3.24462 2.97489 2.76989 2.56083 2.37257 2.1981 2.04195 1.90043 1.77792 1.66858 1.56479 1.47444 
106.715 75.3966 56.1595 42.5011 32.8469 26.2952 21.3034 17.7782 14.8434 12.5742 10.7678 9.34499 8.08716 7.23898 6.25583 5.57093 5.05234 4.56827 4.11144 3.77471 3.45126 3.15901 2.91313 2.69199 2.49077 2.31332 2.17711 2.03148 1.9002 1.78002 1.66777 1.56427 
114.656 80.0933 59.081 45.3169 34.9018 27.8375 22.7196 18.9912 15.608 13.29 11.2341 9.87701 8.61671 7.55074 6.73261 5.96154 5.30638 4.77163 4.33828 3.93326 3.59898 3.29312 3.0314 2.80969 2.60793 2.42381 2.25779 2.10839 1.97228 1.83701 1.75462 1.65031 
115.797 84.8789 60.9592 46.4188 36.0309 28.9338 23.3632 19.1587 16.4161 13.686 11.8689 10.2644 8.71524 7.83435 6.97097 6.19918 5.55368 5.02283 4.47913 4.08757 3.76212 3.43115 3.14894 2.91518 2.70601 2.52266 2.33943 2.18711 2.04617 1.91911 1.80293 1.69833 
122.886 83.7484 62.2438 47.3444 38.0726 29.7986 24.2659 20.3425 16.7646 13.8194 12.0418 10.5598 9.30907 8.11991 7.1891 6.43894 5.76571 5.17861 4.57215 4.24862 3.8931 3.56516 3.27404 3.01845 2.78594 2.61565 2.43185 2.25624 2.10325 1.9792 1.86321 1.7511 
124.104 87.5614 63.6051 50.1308 39.5345 31.0509 24.607 20.6199 17.4521 14.7503 12.5214 10.6112 9.52776 8.42137 7.43275 6.55933 5.80224 5.27581 4.86423 4.45038 3.99808 3.69165 3.36953 3.09573 2.87512 2.67128 2.49223 2.31686 2.15428 2.03144 1.90826 1.79773 
127.91 92.7084 67.5925 49.7465 40.2315 31.5917 25.7806 21.0773 17.8835 15.083 12.9998 11.3351 9.70393 8.21637 7.55725 6.75739 6.06654 5.46451 4.902 4.43751 4.07831 3.77055 3.45126 3.17567 2.95878 2.76082 2.55585 2.39258 2.23376 2.07768 1.96559 1.84891 
129.411 96.2408 66.872 51.7443 40.9474 33.4069 26.7035 21.2289 18.2536 15.3392 13.5954 11.4718 10.2903 8.64395 7.72911 7.00473 6.26512 5.54213 5.01039 4.60322 4.09464 3.83032 3.5379 3.27581 3.00633 2.77712 2.61415 2.44961 2.28551 2.14485 2.01037 1.88747 
133.249 95.6871 69.7868 54.3711 41.7984 33.628 27.0247 23.0036 18.6126 15.4738 13.3148 11.9171 10.3172 9.22491 7.80979 6.90534 6.23965 5.57292 5.19828 4.74978 4.23252 3.90739 3.58634 3.34894 3.09293 2.81777 2.66739 2.48984 2.32195 2.18696 2.04576 1.93032 
136.601 95.6293 71.6484 54.5344 44.4621 34.5855 28.1828 22.9771 18.8703 15.9089 13.8126 12.0453 10.5839 9.11298 8.07164 7.26916 6.30705 5.67926 5.1511 4.79735 4.32549 3.95227 3.66062 3.39149 3.12339 2.8847 2.68594 2.47401 2.39699 2.23131 2.0903 1.95733 
131.818 94.0537 74.395 56.6957 44.3667 34.372 28.9559 23.9154 19.6375 16.3772 13.8578 12.2994 10.7091 9.33264 8.32868 7.40094 6.58427 5.89978 5.20408 4.75247 4.33053 3.97862 3.67434 3.49366 3.20744 2.92414 2.75343 2.53563 2.37018 2.23535 2.1311 1.99551 
136.348 100.226 75.9185 56.3883 43.0973 36.5348 28.5964 24.145 19.9151 16.9638 14.4188 12.3586 10.8613 9.6107 8.17805 7.41863 6.72053 6.00784 5.40534 4.89901 4.47613 4.07354 3.75126 3.45441 3.19773 2.96973 2.72713 2.57554 2.45383 2.28688 2.17292 2.03032 
137.26 99.9972 72.2713 56.9173 46.229 36.4288 29.3006 25.0118 20.0856 17.2038 14.9028 12.5852 10.9065 9.66216 8.66017 7.77979 6.86177 6.16036 5.65707 4.99882 4.56779 4.18547 3.81329 3.51364 3.37015 3.03546 2.79866 2.60172 2.43622 2.28705 2.13713 2.01686 
132.762 100.741 73.1916 58.7212 46.5192 36.8088 29.4493 24.7156 20.729 17.9315 14.9771 13.0749 11.235 9.63346 8.75508 7.58233 6.83969 6.24324 5.67904 5.11809 4.66703 4.2226 3.87758 3.625 3.33937 3.08111 2.87569 2.69301 2.47173 2.32265 2.19366 2.07345 
136.698 96.6029 78.6954 58.2282 46.7831 38.5325 30.5303 24.9051 21.1417 17.8648 15.2605 13.2053 11.5371 9.97655 8.74445 7.88224 7.07362 6.17984 5.70925 5.19375 4.74375 4.36675 3.92833 3.60062 3.33887 3.0952 2.99097 2.72562 2.58674 2.37423 2.20227 2.08153 
152.243 103.581 82.5843 58.4513 47.0695 38.353 31.2445 25.1828 20.9502 17.8812 15.1692 13.1996 11.9325 10.0976 8.81064 7.96018 7.14019 6.27839 5.80257 5.2633 4.81462 4.3335 4.07517 3.70248 3.38704 3.15112 2.94447 2.75654 2.54896 2.407 2.25254 2.17997 
150.6 111.553 81.3482 58.9785 46.3272 37.5983 31.5114 26.5841 21.663 18.3895 16.0184 13.522 11.9223 10.3189 8.96052 7.92205 7.18168 6.55051 5.96049 5.35362 4.87492 4.43725 4.06962 3.7931 3.41134 3.15786 2.94828 2.75499 2.60389 2.43906 2.27291 2.13347 
142.971 102.325 82.0891 61.6924 46.6765 39.2085 31.0935 26.7955 21.7833 18.704 16.2507 13.6126 11.8336 10.374 9.25892 8.07272 7.22491 6.5174 5.79866 5.41428 4.92774 4.5397 4.19696 3.87163 3.5315 3.33872 3.07113 2.7838 2.65238 2.46555 2.28559 2.1608 
155.104 102.842 81.2307 62.2923 48.7152 39.4753 32.3964 26.0374 22.2365 18.6046 16.1769 13.9371 11.9657 10.5024 9.34279 8.15213 7.23008 6.52942 5.84692 5.52483 4.90312 4.55649 4.17919 3.91696 3.63742 3.22434 2.9629 2.80094 2.72305 2.46604 2.31025 2.19571 
143.536 104.37 81.9483 65.6424 49.6511 39.3937 32.3898 26.9303 22.5558 18.8213 16.0831 13.7957 12.2761 10.56 9.41854 8.53536 7.37914 6.65943 6.00238 5.33698 5.08959 4.54652 4.20015 3.86621 3.61564 3.39456 3.14381 2.77003 2.66727 2.59226 2.35058 2.22205 
149.02 103.062 84.0002 66.918 50.3042 39.8598 32.4873 27.1089 22.657 18.9745 16.2646 14.0859 12.2415 10.8906 9.59889 8.43935 7.48047 6.68286 6.03191 5.40569 4.93063 4.62534 4.22295 3.86508 3.61581 3.38527 3.14569 2.94249 2.75044 2.49228 2.40975 2.30036 
146.298 103.89 77.6006 63.2335 50.6903 40.8852 32.9686 26.8638 22.5511 19.1583 16.3074 13.9119 12.3648 10.8357 9.61898 8.58772 7.55022 6.80133 6.18546 5.48731 5.00238 4.64863 4.2852 3.91991 3.63892 3.45038 3.16389 2.96514 2.77136 2.61785 2.44708 2.30282 
154.452 118.068 76.9271 61.8601 52.6343 40.8602 33.488 28.0945 22.6643 19.5289 17.0096 14.1769 12.4359 10.9598 9.73619 8.72308 7.63057 6.87763 6.22713 5.60952 5.24979 4.64178 4.33842 3.97461 3.63626 3.42981 3.2478 3.05312 2.79657 2.66206 2.45882 2.3485 
167.323 112.796 77.7241 60.8073 51.4317 41.1465 33.2438 28.7005 23.2915 19.4385 16.8286 14.305 12.7098 10.9929 9.79479 8.88675 7.66568 6.90454 6.43432 5.70124 5.03768 4.6628 4.33435 4.02384 3.70449 3.38685 3.20943 3.05066 2.86169 2.68163 2.53204 2.32868 
154.348 115.949 78.5703 66.8727 50.2706 40.1212 33.1838 28.1302 23.2131 19.8748 16.6834 14.4604 12.6816 11.0842 9.90025 8.93019 7.80636 6.96739 6.35582 5.7629 5.27558 4.73552 4.35026 4.00863 3.73633 3.44692 3.17888 3.04208 2.8902 2.64521 2.55157 2.39128 
158.181 117.48 79.385 58.9275 49.7332 40.9829 33.7209 27.9693 23.4484 20.2558 17.3178 15.0304 12.4739 11.2953 9.95606 8.78805 8.07393 6.97998 6.35522 5.81522 5.34037 4.79448 4.36899 4.05209 3.86333 3.48684 3.21603 3.00384 2.88414 2.73443 2.5584 2.42079 
166.435 120.58 80.7836 66.3845 50.2707 42.4575 33.8069 28.2833 23.4475 20.4533 17.0993 14.7804 12.8347 11.3956 9.99931 8.85011 8.19474 7.10939 6.4302 5.91063 5.26184 5.01055 4.39725 4.09046 3.76219 3.51993 3.24987 3.02072 2.85461 2.7536 2.59827 2.43038 
164.955 119.887 82.2423 59.7282 50.3204 42.1777 34.1495 28.2825 24.258 20.2493 17.6912 14.9273 13.1969 11.2955 10.0406 8.96722 8.15499 7.30103 6.46889 5.98862 5.3481 4.93589 4.4369 4.09698 3.8573 3.59344 3.30446 3.03831 2.85578 2.72097 2.58775 2.4526 
163.221 120.334 82.2759 60.3976 50.0003 42.8777 36.0446 27.8315 24.42 20.8317 17.4071 14.9149 13.4304 11.5596 10.2364 9.09182 8.14801 7.41341 6.52042 6.0292 5.4392 4.86988 4.46919 4.108 3.9221 3.66087 3.29914 3.08129 2.86742 2.71295 2.56694 2.43401 
170.142 119.421 90.9593 60.7508 49.0693 43.3013 35.1533 28.7202 24.5632 20.7263 17.5418 15.454 13.1671 11.9311 10.1362 9.17749 8.20956 7.43621 6.64792 6.05223 5.51327 4.89955 4.64302 4.15339 3.84161 3.56261 3.3264 3.1007 2.88178 2.7208 2.59489 2.46227 
171.674 109.912 83.1069 61.149 48.848 43.7598 35.445 29.1534 25.4283 19.9504 17.7551 15.3059 13.3006 11.9556 10.3534 9.18022 8.23952 7.4591 6.78092 6.05829 5.56378 4.99424 4.71242 4.38764 3.86893 3.7131 3.41604 3.08409 2.89033 2.71889 2.65849 2.4896 
169.905 109.732 83.8844 61.6778 49.1958 40.4702 36.2308 28.3726 24.6222 21.1335 18.0728 15.386 13.1913 11.8829 10.5285 9.20652 8.30864 7.52763 6.82897 6.1676 5.6179 5.20097 4.71 4.36431 3.88385 3.62019 3.45204 3.12759 2.91548 2.72287 2.65321 2.4329 
171.314 111.227 84.1321 62.3116 49.4084 39.8117 35.9846 28.6543 24.0174 20.6698 17.6664 15.4546 13.5645 11.8717 10.5988 9.42698 8.30921 7.50846 6.87202 6.24334 5.64023 5.17815 4.79298 4.45512 4.095 3.63434 3.54688 3.16436 2.93461 2.74778 2.69119 2.47746 
162.883 112.472 85.9914 63.0695 49.3697 39.6235 35.6107 28.6416 24.1758 20.8684 18.3421 15.6187 13.3655 11.9114 10.6793 9.48705 8.41117 7.54138 6.89757 6.28161 5.61637 5.21542 4.7429 4.47333 4.11527 3.64839 3.404 3.21074 2.94936 2.75748 2.60953 2.51736 
164.01 122.311 93.2699 64.3843 49.0492 39.8403 35.5942 28.2499 24.9575 20.9663 18.4077 16.0059 14.0041 12.0008 10.7867 9.60267 8.30294 7.49153 6.93909 6.31894 5.78422 5.19415 4.75618 4.48034 4.18205 3.84867 3.43012 3.23413 2.98221 2.76054 2.62433 2.54773 
161.823 113.886 92.4322 69.1381 49.4537 40.1081 36.086 30.2206 25.352 20.6882 18.3479 16.0082 13.9365 11.9284 10.7406 9.52397 8.73108 7.6355 6.98425 6.32394 5.76953 5.1373 4.76128 4.37348 4.04699 3.82753 3.4409 3.35586 3.02348 2.79723 2.62216 2.48373 
160.364 112.768 92.4872 71.4303 50.617 40.4728 33.3156 29.5628 24.9567 21.3796 18.2222 16.1239 14.2957 11.8733 10.8878 9.59312 8.3754 7.98613 7.01611 6.37997 5.85943 5.23624 4.85511 4.43901 4.2118 3.7549 3.45395 3.21767 3.03857 2.81707 2.62823 2.51165 
164.614 113.695 94.3257 65.048 55.8464 40.7515 33.5773 28.0051 25.5434 21.3385 18.519 16.3476 14.0874 12.2246 10.6298 9.76099 8.72892 7.78612 6.95262 6.37478 5.80785 5.31107 4.92473 4.47865 4.22746 3.94133 3.5477 3.24361 3.14263 2.8402 2.64429 2.5055 
162.301 113.415 95.5214 65.2654 56.2092 40.9555 33.859 27.8432 25.1247 21.7516 18.1216 16.1344 14.1409 12.1415 10.8494 9.91731 8.64241 7.82608 7.17962 6.37042 5.80205 5.3894 4.90496 4.53135 4.20357 3.85822 3.64641 3.26108 3.15795 2.8626 2.6693 2.50196 
161.052 113.651 87.0561 65.0892 55.4152 41.1313 34.3584 28.407 25.1309 21.4284 18.2839 16.1494 13.9719 12.5645 11.1451 9.72154 8.79451 7.76865 7.06774 6.4506 5.90364 5.38747 4.92742 4.5358 4.22201 3.88647 3.59586 3.27508 3.05797 2.87626 2.68915 2.50986 
160.022 125.333 87.8829 65.2812 55.764 41.233 34.8481 28.5175 24.9994 21.7226 18.2389 16.2038 14.4653 12.5173 10.9447 9.7587 8.70736 7.98113 7.20525 6.39386 5.89158 5.39155 4.99717 4.52422 4.24457 3.89675 3.62561 3.40434 3.07557 2.88517 2.70975 2.5307 
160.468 114.702 87.3779 65.8905 56.8523 41.2009 35.2827 28.561 25.0638 21.5999 18.721 16.2741 14.2857 12.2979 10.8228 9.83757 8.81489 7.94745 6.98268 6.33527 5.83431 5.42803 5.00057 4.55804 4.25675 3.92446 3.64363 3.43414 3.09897 2.9004 2.72253 2.55013 
158.809 114.886 95.5884 66.4099 56.5702 41.0523 35.5268 28.8728 25.3708 20.5437 19.0161 16.2607 14.2521 12.5571 11.1709 9.92888 8.77374 7.96077 7.36055 6.50665 5.79936 5.4772 5.02968 4.65034 4.19716 3.96738 3.64545 3.39495 3.10741 2.91376 2.73126 2.56478 
157.943 117.208 95.5857 67.1235 59.8911 46.416 35.6257 29.107 25.1192 21.8607 18.9195 16.1182 14.32 12.9612 11.2015 9.86284 8.9873 8.11261 7.19622 6.53293 5.89174 5.45419 5.04519 4.58355 4.28027 3.99101 3.73055 3.39118 3.11185 2.91833 2.74314 2.59336 
157.944 120.96 95.5938 67.5373 56.545 46.6874 35.7211 29.2685 25.0705 21.3657 18.9861 16.2617 14.5233 12.7917 11.215 10.0231 8.99095 8.09128 7.29117 6.77638 5.90325 5.38727 5.09738 4.60928 4.24197 3.94131 3.71087 3.41738 3.1403 2.9257 2.75605 2.60169 
185.875 122.503 95.0718 67.5069 56.7358 46.2758 35.712 29.5151 24.7154 21.8166 18.8413 16.1778 14.3919 12.7138 11.4713 9.99551 8.91642 7.99835 7.20816 6.64118 6.03053 5.44541 5.10982 4.65847 4.33415 3.92794 3.62446 3.44328 3.15794 2.94642 2.76484 2.59705 
181.529 123.131 94.3884 66.8548 57.5218 46.2468 35.7027 29.8709 24.7841 21.8124 18.6802 15.6124 14.6267 12.7631 11.6747 10.0113 8.97664 7.95934 7.42338 6.51833 6.25433 5.36236 5.14575 4.71113 4.34497 3.95315 3.64526 3.40263 3.21323 2.96186 2.78587 2.59683 
184.286 135.359 88.7902 67.0665 52.7083 45.5675 35.6274 29.956 24.4456 21.6879 18.6355 16.0765 14.6852 13.1121 11.4924 10.283 8.92795 7.97663 7.617 6.65828 6.09072 5.51716 5.05571 4.66954 4.39262 4.05102 3.66061 3.42911 3.26547 2.97479 2.80185 2.60999 
183.987 130.345 96.8563 63.6349 53.1823 47.2381 35.6537 29.8117 24.7856 21.7733 19.2989 16.1938 14.5811 13.2531 11.5199 10.3792 9.09835 8.14475 7.28657 6.66435 6.1146 5.81071 5.12892 4.67452 4.38343 4.11154 3.66673 3.45162 3.18394 2.96806 2.80667 2.61772 
170.273 121.259 97.0712 67.3676 53.4417 40.3461 35.4603 30.1502 24.7844 21.6801 18.2213 16.5774 14.6019 13.2421 11.5681 10.4463 9.14869 8.1311 7.42535 6.80571 6.2136 5.80859 5.04727 4.74062 4.37369 4.06978 3.79976 3.42572 3.23258 3.01036 2.81903 2.62833 
182.352 120.725 96.9398 64.7727 53.2935 41.0966 35.4744 29.8691 24.6079 21.8758 19.3766 16.5148 14.479 13.1542 11.7888 10.4557 8.9511 8.06907 7.37319 6.82043 6.16933 5.71746 5.19758 4.79607 4.39687 4.07778 3.83159 3.43806 3.25897 3.03349 2.82609 2.6541 
169.732 119.946 99.8761 68.9064 53.3006 41.8679 35.5574 30.1318 24.3055 21.6158 19.2293 16.4126 14.1932 13.1045 11.8999 10.5033 9.1182 8.36076 7.52934 6.78319 6.23016 5.73451 5.17396 4.75854 4.45244 4.06399 3.82795 3.50653 3.25892 3.05156 2.83317 2.66398 
173.072 132.161 101.08 67.9406 53.4232 42.3312 36.3443 30.0035 25.1317 21.2088 19.1438 16.5649 14.5849 13.0712 11.9154 10.5836 9.15848 8.31705 7.61775 6.86983 6.23379 5.64824 5.26117 4.62064 4.42894 4.07472 3.785 3.56144 3.26846 3.10122 2.92731 2.67118 
174.249 138.362 100.225 68.2687 52.9067 41.981 39.2918 30.0091 24.8197 21.5297 19.2067 16.2395 14.2949 13.1223 11.8363 10.6626 9.54647 8.35868 7.51204 6.84383 6.20288 5.94615 5.18496 4.69556 4.40195 4.11817 3.80477 3.59555 3.25587 3.10368 2.90742 2.67303 
177.766 122.054 93.4688 68.2576 53.4781 49.131 36.3323 29.4493 24.8508 21.9268 19.0283 16.3102 14.7312 12.5435 11.5977 10.7949 9.57945 8.41402 7.46955 6.75514 6.12197 5.47593 5.17096 4.86005 4.40765 4.07179 3.89357 3.57434 3.23768 3.05444 2.88034 2.73507 
175.059 136.569 101.401 68.4481 52.8242 48.875 36.5279 29.8621 24.839 21.7473 19.0899 16.4216 14.2674 12.5641 11.558 10.7666 9.59184 8.52745 7.44139 6.72842 6.14722 5.5116 5.14867 4.78484 4.52674 4.10043 3.85454 3.65351 3.23725 3.07795 2.83375 2.72737 
