8747.03 5630.84 3717.59 2521.17 1754.91 1251.54 912.563 678.879 514.251 395.945 309.369 244.955 196.302 159.043 130.148 107.479 89.5037 75.1109 63.4818 54.0067 46.2266 39.7919 34.4341 29.9449 26.1612 22.9546 20.2229 17.8845 15.8736 14.1367 12.6303 11.3189 
63.5053 38.7623 24.8451 16.6275 11.6051 8.45587 6.44153 5.13136 4.26582 3.68449 3.28627 3.00648 2.80331 2.64955 2.52741 2.42532 2.33573 2.25384 2.17658 2.10211 2.02935 1.95771 1.88696 1.81703 1.748 1.67999 1.61318 1.54771 1.48375 1.42143 1.36087 1.30215 
86.3477 56.7243 38.9685 27.6946 20.2216 15.0982 11.4889 8.88842 6.97898 5.55397 4.47539 3.64883 3.00836 2.50713 2.11131 1.79609 1.5431 1.33853 1.17194 1.03534 0.922557 0.828803 0.750333 0.684202 0.628078 0.580107 0.538807 0.502991 0.471699 0.444159 0.419742 0.397938 
92.4177 61.823 43.2904 31.3864 23.3927 17.8346 13.858 10.9444 8.76616 7.10893 5.82875 4.82646 4.03233 3.39639 2.88222 2.46287 2.11817 1.83277 1.5949 1.39543 1.22721 1.08459 0.963075 0.859058 0.769623 0.692402 0.625458 0.567199 0.516299 0.471686 0.432437 0.39779 
94.9427 63.973 45.1442 33.0002 24.8091 19.0853 14.9683 11.9345 9.65235 7.90455 6.54487 5.47237 4.61591 3.92438 3.36043 2.89639 2.51142 2.18965 1.91888 1.68959 1.4943 1.32707 1.18317 1.05876 0.950747 0.856584 0.774183 0.701819 0.638053 0.581683 0.5317 0.487251 
96.2694 65.1094 46.1302 33.8647 25.5739 19.7669 15.5796 12.4856 10.1514 8.35827 6.95869 5.85085 4.9629 4.24316 3.65382 3.16682 2.76102 2.4203 2.13223 1.88711 1.6773 1.49673 1.34055 1.20482 1.08636 0.982538 0.891204 0.810567 0.739135 0.675655 0.619073 0.568497 
97.0715 65.7978 46.729 34.3916 26.0418 20.1858 15.9571 12.8279 10.4633 8.64356 7.22065 6.09216 5.18579 4.44954 3.84531 3.34483 2.92677 2.57486 2.27654 2.022 1.80351 1.61492 1.45133 1.30875 1.18392 1.07418 0.977327 0.891548 0.815315 0.747351 0.686574 0.632072 
97.5923 66.2461 47.1267 34.742 26.3536 20.4656 16.21 13.0579 10.6735 8.83659 7.39859 6.25676 5.3385 4.59158 3.97775 3.46856 3.04258 2.68342 2.37846 2.11781 1.89369 1.69991 1.53148 1.3844 1.25538 1.14174 1.04125 0.95206 0.872633 0.801672 0.738081 0.680933 
97.9793 66.5773 47.4079 34.99 26.5745 20.6641 16.3897 13.2216 10.8235 8.97461 7.52615 6.37505 5.44856 4.69426 4.07377 3.55856 3.12709 2.76293 2.45337 2.18848 1.96046 1.76306 1.59129 1.44109 1.30916 1.19279 1.08976 0.998181 0.916515 0.843448 0.777876 0.718861 
98.258 66.8165 47.6164 35.1739 26.7384 20.81 16.5222 13.3426 10.9346 9.07717 7.62115 6.46337 5.53093 4.77129 4.14598 3.6264 3.19096 2.82316 2.51027 2.24232 2.01146 1.81143 1.63721 1.48474 1.35069 1.23234 1.12744 1.03413 0.950821 0.876212 0.809186 0.748798 
98.4724 67.0005 47.7766 35.3152 26.8644 20.9249 16.6261 13.4373 11.0213 9.15708 7.69513 6.53213 5.59506 4.83129 4.20227 3.67934 3.24085 2.87028 2.55484 2.28455 2.05153 1.8495 1.67343 1.51922 1.38356 1.26371 1.1574 1.06276 0.978209 0.902426 0.834294 0.772861 
98.6424 67.1463 47.9036 35.4271 26.9642 21.0146 16.7075 13.5116 11.0896 9.22012 7.75359 6.58656 5.6459 4.87893 4.24704 3.7215 3.28064 2.90791 2.59049 2.31837 2.08367 1.88009 1.70257 1.54692 1.41002 1.289 1.18161 1.08594 1.00042 0.923731 0.85474 0.792495 
98.7801 67.2643 48.0063 35.5177 27.045 21.0873 16.7734 13.5718 11.145 9.27124 7.80102 6.63074 5.68432 4.91766 4.28345 3.75583 3.31308 2.93861 2.6196 2.34602 2.10998 1.90515 1.72647 1.56984 1.43192 1.30995 1.20166 1.10516 1.01885 0.941423 0.871734 0.80883 
98.8938 67.3618 48.0911 35.5925 27.1116 21.1473 16.8278 13.6215 11.1907 9.31346 7.84022 6.66724 5.72134 4.9497 4.3136 3.78427 3.33996 2.96408 2.64377 2.36901 2.13186 1.92601 1.74638 1.58888 1.45013 1.3274 1.21839 1.12121 1.03427 0.956237 0.885982 0.822544 
98.9894 67.4436 48.1623 35.6433 27.1675 21.1976 16.8735 13.6632 11.229 9.3489 7.87311 6.69795 5.75008 4.97666 4.33898 3.80822 3.36261 2.98555 2.66416 2.3884 2.15033 1.94363 1.76322 1.60498 1.46555 1.34217 1.23256 1.13482 1.04735 0.968824 0.898099 0.834216 
99.0706 67.5132 48.2228 35.7085 27.215 21.2404 16.9123 13.6987 11.2616 9.37904 7.90111 6.72406 5.77452 4.99961 4.36059 3.82862 3.38192 3.00385 2.68155 2.40495 2.1661 1.95869 1.77761 1.61875 1.47875 1.35483 1.24472 1.1465 1.05859 0.979636 0.908514 0.844256 
99.1407 67.5732 48.2749 35.7544 27.256 21.2772 16.9457 13.7292 11.2897 9.40498 7.92521 6.74654 5.79556 5.01938 4.37921 3.8462 3.39856 3.01964 2.69655 2.41923 2.17973 1.9717 1.79005 1.63066 1.49017 1.36578 1.25524 1.15662 1.06832 0.989013 0.917552 0.852974 
99.2017 67.6253 48.3203 35.7944 27.2915 21.3091 16.9747 13.7557 11.314 9.42752 7.94615 6.76608 5.81386 5.03657 4.39541 3.8615 3.41305 3.03339 2.70962 2.43168 2.1916 1.98304 1.80091 1.64088 1.49999 1.37524 1.26434 1.16538 1.07677 0.99716 0.925415 0.860568 
99.2552 67.671 48.36 35.8293 27.3227 21.3372 17.0001 13.779 11.3354 9.44729 7.96452 6.78322 5.82991 5.05165 4.40962 3.87494 3.42577 3.04546 2.72111 2.44262 2.20204 1.99302 1.81045 1.65021 1.50891 1.38379 1.27254 1.17326 1.08435 1.00446 0.932451 0.867354 
99.3024 67.7114 48.3951 35.8602 27.3502 21.3619 17.0226 13.7995 11.3543 9.46476 7.98076 6.79837 5.8441 5.06499 4.4222 3.88682 3.43703 3.05615 2.73127 2.45231 2.21129 2.00186 1.81891 1.65832 1.51669 1.39126 1.27973 1.18018 1.09102 1.01089 0.938655 0.873346 
99.3447 67.7475 48.4264 35.8878 27.3748 21.384 17.0426 13.8178 11.3711 9.48033 7.99305 6.81022 5.85675 5.07687 4.4334 3.89741 3.44706 3.06568 2.74034 2.46095 2.21953 2.00974 1.82646 1.66555 1.52364 1.39794 1.28615 1.18636 1.09697 1.01663 0.944201 0.878704 
99.3821 67.7796 48.4543 35.9124 27.3966 21.4037 17.0605 13.8342 11.3854 9.49364 8.0077 6.8236 5.8678 5.08731 4.44327 3.90677 3.45595 3.07414 2.7484 2.46864 2.22689 2.01678 1.83321 1.67203 1.52985 1.40391 1.2919 1.1919 1.10232 1.02179 0.949182 0.883518 
99.4162 67.8086 48.4799 35.9349 27.4166 21.4217 17.0768 13.849 11.3998 9.50684 8.01983 6.83484 5.87827 5.09711 4.45248 3.91544 3.46416 3.08191 2.75579 2.47568 2.2336 2.02319 1.83935 1.67791 1.5355 1.40934 1.29712 1.19693 1.10716 1.02647 0.953696 0.887881 
99.4365 67.8356 48.5028 35.955 27.4346 21.4378 17.0914 13.8624 11.4121 9.51821 8.03043 6.84473 5.88753 5.10581 4.46069 3.9232 3.47151 3.0889 2.76243 2.48201 2.23965 2.02898 1.84489 1.68322 1.5406 1.41424 1.30184 1.20148 1.11155 1.0307 0.957788 0.891837 
99.475 67.8596 48.5237 35.9734 27.4509 21.4525 17.1047 13.8745 11.4233 9.52856 8.04004 6.8537 5.89594 5.1137 4.46813 3.93024 3.47819 3.09524 2.76847 2.48778 2.24516 2.03425 1.84994 1.68807 1.54526 1.41872 1.30616 1.20564 1.11556 1.03457 0.961525 0.895449 
99.5017 67.8816 48.5427 35.9901 27.4658 21.4659 17.1169 13.8856 11.4335 9.53801 8.04883 6.86191 5.90363 5.12095 4.47496 3.9367 3.48431 3.10105 2.77401 2.49305 2.2502 2.03907 1.85456 1.69237 1.54941 1.42273 1.31002 1.20937 1.11917 1.03806 0.964905 0.898723 
99.5251 67.8801 48.5601 36.0054 27.4794 21.4781 17.128 13.8958 11.4429 9.54667 8.05688 6.86942 5.91068 5.12757 4.48121 3.94261 3.48991 3.10638 2.77908 2.49789 2.25482 2.0435 1.8588 1.69657 1.55343 1.42658 1.31372 1.21293 1.12259 1.04136 0.968088 0.901797 
99.5471 67.9204 48.5764 36.0197 27.4921 21.4895 17.1383 13.9052 11.4515 9.55466 8.06431 6.87636 5.91717 5.13368 4.48697 3.94806 3.49508 3.11129 2.78375 2.50235 2.25908 2.04758 1.86271 1.70032 1.55703 1.43005 1.31706 1.21614 1.1257 1.04436 0.970987 0.904601 
99.5672 67.9375 48.5912 36.0328 27.5037 21.5 17.1478 13.9139 11.4595 9.56203 8.07116 6.88275 5.92317 5.13932 4.49229 3.95309 3.49985 3.11582 2.78807 2.50647 2.26302 2.05134 1.86632 1.70379 1.56037 1.43325 1.32015 1.21912 1.12857 1.04713 0.973669 0.907196 
99.5857 67.9533 48.6049 36.0448 27.5145 21.5096 17.1565 13.9219 11.4669 9.56885 8.0775 6.88867 5.92872 5.14454 4.49722 3.95775 3.50425 3.12001 2.79206 2.51028 2.26666 2.05483 1.86966 1.707 1.56345 1.43622 1.32301 1.22188 1.13123 1.0497 0.976147 0.909595 
99.6033 67.9682 48.6179 36.0562 27.5246 21.5187 17.1647 13.9294 11.4737 9.57521 8.08342 6.89419 5.93389 5.1494 4.5018 3.96209 3.50838 3.12393 2.79579 2.51384 2.27006 2.05808 1.87278 1.70999 1.56633 1.43899 1.32567 1.22445 1.13371 1.0521 0.978472 0.911844 
99.6194 67.982 48.6298 36.0667 27.5232 21.5271 17.1723 13.9363 11.4801 9.58112 8.08891 6.89932 5.93445 5.15393 4.50607 3.96613 3.51221 3.12757 2.79926 2.51714 2.27322 2.06111 1.87568 1.71278 1.569 1.44157 1.32816 1.22684 1.13602 1.05434 0.980633 0.913935 
99.6346 67.9949 48.641 36.0765 27.5426 21.5349 17.1794 13.9428 11.4861 9.58664 8.09403 6.90411 5.94318 5.15815 4.51005 3.96989 3.51578 3.13097 2.8025 2.52023 2.27617 2.06394 1.87818 1.7152 1.57136 1.44385 1.33037 1.229 1.13811 1.05636 0.982599 0.915844 
99.6487 68.007 48.6514 36.0857 27.5508 21.5423 17.1861 13.9489 11.4917 9.5918 8.09883 6.90859 5.94738 5.1621 4.51378 3.97342 3.51913 3.13415 2.80553 2.52313 2.27894 2.06659 1.88093 1.71782 1.57385 1.44623 1.33265 1.23118 1.14021 1.05838 0.984542 0.91772 
99.6618 68.0182 48.6611 36.0942 27.5584 21.5491 17.1923 13.9546 11.4969 9.59664 8.10333 6.91279 5.95132 5.1658 4.51727 3.97673 3.52227 3.13713 2.80837 2.52584 2.28153 2.06907 1.88332 1.72011 1.57605 1.44835 1.33469 1.23315 1.14211 1.06022 0.986321 0.919441 
99.6743 68.0288 48.6703 36.1023 27.5656 21.5556 17.1982 13.9599 11.5018 9.60119 8.10756 6.91674 5.95502 5.16929 4.52056 3.97984 3.52522 3.13994 2.81103 2.52838 2.28396 2.0714 1.88555 1.72225 1.57812 1.45034 1.33661 1.235 1.1439 1.06194 0.987991 0.921058 
99.6859 68.0387 48.6789 36.1099 27.5723 21.5616 17.2037 13.9649 11.5064 9.60546 8.11154 6.92045 5.95851 5.17256 4.52366 3.98277 3.528 3.14258 2.81356 2.53079 2.28627 2.07361 1.88767 1.72429 1.58007 1.45222 1.33842 1.23675 1.14558 1.06358 0.989569 0.922585 
99.6971 68.0482 48.6872 36.1171 27.5788 21.5629 17.2089 13.9697 11.5108 9.60951 8.1153 6.92397 5.9618 5.17566 4.52658 3.98554 3.53062 3.14508 2.81594 2.53306 2.28844 2.07569 1.88966 1.7262 1.58191 1.45399 1.34012 1.23839 1.14717 1.06511 0.991055 0.924025 
99.7074 68.0571 48.6949 36.1239 27.5848 21.5728 17.2138 13.9742 11.5149 9.61333 8.11885 6.92563 5.96365 5.17858 4.52934 3.98815 3.5331 3.14743 2.81818 2.53521 2.29049 2.07765 1.89154 1.72801 1.58365 1.45567 1.34174 1.23995 1.14868 1.06657 0.992465 0.925389 
99.7171 68.0653 48.702 36.1302 27.5904 21.5778 17.2184 13.9784 11.5188 9.61673 8.12204 6.9303 5.96776 5.18128 4.5319 3.99058 3.53541 3.14964 2.82029 2.53722 2.29242 2.0795 1.89332 1.72972 1.58529 1.45725 1.34327 1.24142 1.1501 1.06794 0.993796 0.926679 
99.7264 68.0737 48.7093 36.1365 27.596 21.5828 17.2229 13.9825 11.5226 9.62035 8.12538 6.93338 5.97037 5.18377 4.53426 3.99284 3.53757 3.1517 2.82226 2.53911 2.29423 2.08124 1.89499 1.73133 1.58684 1.45874 1.34471 1.24282 1.15145 1.06925 0.995056 0.9279 
99.7353 68.0808 48.7158 36.1422 27.6011 21.5874 17.2271 13.9862 11.526 9.62359 8.1284 6.9362 5.97328 5.18646 4.53677 3.99518 3.53978 3.15378 2.82424 2.54099 2.29602 2.08294 1.89662 1.73289 1.58834 1.46019 1.3461 1.24416 1.15274 1.0705 0.996264 0.929069 
99.7436 68.0879 48.7216 36.1474 27.6058 21.5917 17.2309 13.9898 11.5294 9.62668 8.12624 6.93888 5.97579 5.18883 4.53901 3.9973 3.54178 3.15569 2.82605 2.54272 2.29768 2.08454 1.89815 1.73436 1.58976 1.46154 1.34741 1.24542 1.15396 1.07168 0.997408 0.930176 
99.7525 68.0954 48.728 36.153 27.6106 21.596 17.2348 13.9934 11.5326 9.62967 8.13284 6.94055 5.97751 5.19056 4.54115 3.99932 3.5437 3.15752 2.82779 2.54438 2.29927 2.08605 1.89961 1.73576 1.5911 1.4628 1.34852 1.24651 1.15503 1.07272 0.998425 0.93117 
99.7557 68.0986 48.7273 36.1533 27.6137 21.599 17.2377 13.9962 11.5353 9.63218 8.13643 6.94374 5.98036 5.19315 4.5431 4.00118 3.54548 3.15921 2.82941 2.54593 2.30075 2.08748 1.90098 1.73708 1.59237 1.46407 1.34984 1.24777 1.15623 1.07387 0.999528 0.932231 
99.7672 68.108 48.7389 36.1626 27.6192 21.6037 17.2418 13.9998 11.5385 9.63512 8.13911 6.94621 5.98266 5.19529 4.5451 4.00307 3.54726 3.1609 2.83102 2.54746 2.30221 2.08888 1.90232 1.73836 1.5936 1.46525 1.35098 1.24887 1.1573 1.0749 1.00053 0.933198 
99.7734 68.1133 48.7436 36.1668 27.623 21.6072 17.245 14.0027 11.5209 9.63762 8.14145 6.94839 5.98471 5.19722 4.54694 4.00481 3.54891 3.16247 2.83251 2.54889 2.30358 2.09019 1.90358 1.73957 1.59477 1.46638 1.35207 1.24992 1.15791 1.07588 1.00147 0.934115 
99.7762 68.1161 48.7465 36.1716 27.6272 21.6109 17.2483 13.999 11.5439 9.64014 8.14377 6.94171 5.98673 5.19912 4.54872 4.00649 3.55051 3.16399 2.83396 2.55025 2.30488 2.09144 1.90478 1.74073 1.59588 1.46745 1.3531 1.25092 1.15927 1.07681 1.00238 0.934991 
99.7876 68.1253 48.7539 36.1757 27.6309 21.6142 17.2513 14.0084 11.5464 9.64247 8.14594 6.95258 5.98863 5.20091 4.55041 4.00809 3.55202 3.16543 2.83534 2.55159 2.30616 2.09266 1.90595 1.74185 1.59696 1.46849 1.3541 1.25182 1.16015 1.07767 1.00321 0.935801 
99.7935 68.1303 48.7511 36.1796 27.6343 21.6173 17.2541 14.011 11.5488 9.64469 8.14801 6.95452 5.99045 5.20262 4.55202 4.00962 3.55348 3.16682 2.83666 2.55285 2.30737 2.09382 1.90706 1.74236 1.59753 1.46947 1.35505 1.2528 1.16109 1.07857 1.00408 0.936641 
99.7997 68.1356 48.7628 36.1835 27.6377 21.6203 17.2569 14.0136 11.5512 9.64684 8.15 6.95638 5.9922 5.20426 4.55358 4.01109 3.55487 3.16814 2.83792 2.55406 2.30852 2.09492 1.90812 1.74394 1.59897 1.47042 1.35597 1.25368 1.16195 1.0794 1.00488 0.937415 
99.8053 68.1404 48.767 36.1872 27.641 21.6233 17.2596 14.016 11.5534 9.64891 8.15193 6.95818 5.99388 5.20585 4.55507 4.01251 3.55621 3.16942 2.83914 2.55522 2.30963 2.09599 1.90914 1.74492 1.59991 1.47133 1.35685 1.2545 1.16274 1.08017 1.00563 0.938141 
99.8107 68.145 48.771 36.1907 27.6442 21.6261 17.2621 14.0183 11.5555 9.65089 8.15377 6.9599 5.99549 5.20736 4.5565 4.01386 3.5575 3.17064 2.84031 2.55633 2.3107 2.09701 1.91012 1.74586 1.60082 1.47221 1.35769 1.25535 1.16355 1.08095 1.00639 0.938873 
99.8159 68.1494 48.7748 36.1941 27.6472 21.6288 17.2646 14.0206 11.5576 9.65279 8.15554 6.96155 5.99704 5.20882 4.55788 4.01517 3.55874 3.17182 2.84143 2.5574 2.31173 2.098 1.91107 1.74677 1.6017 1.47305 1.3585 1.25613 1.16431 1.08168 1.00709 0.93956 
99.8209 68.1537 48.7785 36.1973 27.65 21.6314 17.2669 14.0227 11.5596 9.65461 8.15723 6.96313 5.99853 5.21022 4.5592 4.01642 3.55993 3.17295 2.84251 2.55844 2.31271 2.09894 1.91197 1.74764 1.60254 1.47386 1.35928 1.25688 1.16504 1.08239 1.00778 0.940222 
99.8256 68.1464 48.782 36.2003 27.6528 21.6339 17.2691 14.0248 11.5615 9.65636 8.15886 6.96465 5.99996 5.21157 4.56048 4.01762 3.56107 3.17404 2.84355 2.55943 2.31366 2.09985 1.91285 1.74848 1.60335 1.47464 1.36003 1.25761 1.16574 1.08306 1.00843 0.940856 
99.8304 68.1617 48.7855 36.2034 27.6555 21.6363 17.2713 14.0268 11.5633 9.65806 8.16044 6.96613 6.00134 5.21287 4.5617 4.01879 3.56218 3.17509 2.84455 2.56039 2.31458 2.10073 1.91369 1.74929 1.60413 1.47539 1.36076 1.25831 1.16642 1.08372 1.00907 0.941473 
99.8349 68.1656 48.7888 36.2063 27.6581 21.6386 17.2735 14.0287 11.5651 9.6597 8.16196 6.96755 6.00268 5.21413 4.56289 4.01991 3.56325 3.17611 2.84552 2.56131 2.31546 2.10158 1.91451 1.75008 1.60488 1.47611 1.36146 1.25899 1.16707 1.08435 1.00968 0.942067 
99.8392 68.1693 48.792 36.2091 27.6606 21.6409 17.2755 14.0305 11.5668 9.66128 8.16343 6.96892 6.00396 5.21534 4.56403 4.02099 3.56427 3.17708 2.84645 2.56219 2.31631 2.10239 1.91528 1.75082 1.6056 1.47681 1.36213 1.25963 1.1677 1.08496 1.01027 0.942638 
99.8434 68.1205 48.7912 36.209 27.6609 21.6415 17.2763 14.0323 11.5684 9.6628 8.16485 6.97025 6.0052 5.2165 4.56514 4.02204 3.56526 3.17797 2.8473 2.56302 2.31711 2.10316 1.91603 1.75154 1.60629 1.47748 1.36278 1.26026 1.1683 1.08555 1.01084 0.943188 
99.8434 68.1205 48.7912 36.209 27.6609 21.6415 17.2763 14.0323 11.5684 9.6628 8.16485 6.97025 6.0052 5.2165 4.56514 4.02204 3.56526 3.17797 2.8473 2.56302 2.31711 2.10316 1.91603 1.75154 1.60629 1.47748 1.36278 1.26026 1.1683 1.08555 1.01084 0.943188 
99.9351 68.2509 48.8627 36.2712 27.7158 21.6904 17.3204 14.0716 11.6046 9.69627 8.196 6.99936 6.03253 5.24224 4.58945 4.04508 3.58715 3.19887 2.86723 2.58207 2.33534 2.12064 1.93214 1.76769 1.62184 1.49247 1.37724 1.27424 1.18182 1.09863 1.02352 0.955483 
99.9757 68.2855 48.8926 36.2975 27.7391 21.7115 17.3395 14.0891 11.6206 9.71116 8.20986 7.01233 6.04471 5.25373 4.60032 4.05538 3.59695 3.2082 2.87615 2.5906 2.34352 2.12849 1.94036 1.77495 1.62884 1.49923 1.38377 1.28055 1.18794 1.10456 1.02926 0.961059 
99.9988 68.3052 48.9096 36.3125 27.7524 21.7234 17.3504 14.099 11.6298 9.71963 8.21774 7.01971 6.05165 5.26027 4.6065 4.06125 3.60253 3.21353 2.88124 2.59547 2.34819 2.13298 1.94468 1.77912 1.63286 1.50311 1.38753 1.28418 1.19146 1.10797 1.03257 0.964274 
100.014 68.3177 48.9205 36.322 27.761 21.7311 17.3573 14.1054 11.6357 9.72508 8.22284 7.02448 6.05613 5.2645 4.61051 4.06506 3.60615 3.21699 2.88454 2.59864 2.35123 2.1359 1.9475 1.78183 1.63548 1.50563 1.38997 1.28655 1.19375 1.1102 1.03474 0.966378 
100.024 68.3265 48.9282 36.3287 27.7669 21.7365 17.3622 14.1099 11.6398 9.72891 8.22641 7.02783 6.05928 5.26747 4.61333 4.06773 3.6087 3.21942 2.88687 2.60087 2.35337 2.13796 1.94948 1.78374 1.63732 1.50742 1.3917 1.28823 1.1953 1.11171 1.03621 0.967819 
100.028 68.3306 48.9336 36.3335 27.7712 21.7404 17.3658 14.1131 11.6428 9.73172 8.22903 7.03029 6.0616 5.26966 4.61541 4.06971 3.61058 3.22119 2.88857 2.6025 2.35495 2.13948 1.95094 1.78515 1.63869 1.50874 1.39298 1.28947 1.19658 1.11294 1.0374 0.968972 
100.033 68.3349 48.9358 36.3358 27.7735 21.7426 17.3686 14.1157 11.6452 9.73392 8.23108 7.03221 6.0634 5.27128 4.61695 4.07119 3.61201 3.22258 2.8899 2.60378 2.35617 2.14066 1.95208 1.78625 1.63975 1.50977 1.39397 1.29043 1.19751 1.11385 1.03829 0.969831 
100.042 68.3419 48.9415 36.3405 27.7774 21.7459 17.3708 14.1177 11.647 9.73564 8.23269 7.03372 6.06483 5.27272 4.6183 4.07246 3.6132 3.22372 2.89098 2.60481 2.35716 2.14161 1.953 1.78713 1.6406 1.51059 1.39421 1.29121 1.19827 1.11458 1.039 0.970521 
100.04 68.3451 48.9443 36.343 27.7796 21.7479 17.3726 14.1194 11.646 9.73514 8.23402 7.03496 6.066 5.27382 4.61935 4.07345 3.61415 3.22463 2.89186 2.60565 2.35797 2.14239 1.95374 1.78784 1.64129 1.51126 1.39542 1.29183 1.19887 1.11517 1.03957 0.971081 
100.049 68.3364 48.9465 36.3449 27.7814 21.7495 17.3741 14.1207 11.6498 9.73822 8.2351 7.03598 6.06696 5.27473 4.62021 4.07428 3.61494 3.22538 2.89257 2.60634 2.35863 2.14302 1.95436 1.78845 1.64187 1.51182 1.39597 1.29236 1.19939 1.11567 1.04005 0.97155 
100.051 68.35 48.9288 36.3168 27.7829 21.7509 17.3753 14.1219 11.6509 9.73922 8.23603 7.03685 6.06778 5.27551 4.62094 4.07497 3.61561 3.22602 2.89318 2.60693 2.35919 2.14357 1.95488 1.78895 1.64236 1.5123 1.39642 1.29281 1.19981 1.11609 1.04046 0.971947 
100.046 68.346 48.9458 36.3471 27.7835 21.7515 17.376 14.1226 11.6516 9.7399 8.23669 7.0375 6.06841 5.27611 4.62153 4.07554 3.61615 3.22654 2.89369 2.60741 2.35966 2.14402 1.95532 1.78938 1.64278 1.51269 1.39681 1.29318 1.20018 1.11645 1.04081 0.972288 
100.055 68.3534 48.9515 36.3493 27.7853 21.753 17.3773 14.1237 11.6526 9.74079 8.23749 7.03823 6.06908 5.27674 4.62211 4.07609 3.61667 3.22703 2.89416 2.60786 2.36009 2.14443 1.95572 1.78976 1.64314 1.51305 1.39716 1.29352 1.20051 1.11677 1.04112 0.972589 
100.057 68.3551 48.9529 36.3505 27.7864 21.754 17.3782 14.1245 11.6533 9.74145 8.23811 7.0388 6.06961 5.27724 4.62259 4.07654 3.6171 3.22745 2.89456 2.60824 2.36046 2.14479 1.95606 1.79009 1.64346 1.51336 1.39746 1.29381 1.20079 1.11704 1.04139 0.972849 
100.059 68.3564 48.954 36.3515 27.7873 21.7548 17.3789 14.1251 11.6539 9.74201 8.23863 7.0393 6.07006 5.27746 4.62284 4.07681 3.61738 3.22773 2.89484 2.60852 2.36074 2.14506 1.95633 1.79036 1.64372 1.51362 1.39771 1.29405 1.20103 1.11727 1.04162 0.973072 
100.06 68.3575 48.955 36.3524 27.788 21.7555 17.3795 14.1257 11.6544 9.7425 8.2391 7.03973 6.07049 5.2758 4.62338 4.07729 3.61782 3.22813 2.89521 2.60888 2.36107 2.14537 1.95663 1.79064 1.64399 1.51387 1.39795 1.29429 1.20126 1.1175 1.04183 0.973283 
100.06 68.3577 48.9553 36.3527 27.7884 21.7559 17.3799 14.1261 11.6548 9.74288 8.23946 7.04009 6.07083 5.2784 4.6237 4.0776 3.61811 3.22841 2.89549 2.60914 2.36132 2.14562 1.95686 1.79087 1.64421 1.51409 1.39816 1.2945 1.20146 1.11769 1.04202 0.97346 
100.062 68.1935 48.9567 36.3538 27.7893 21.7567 17.3806 14.1267 11.6553 9.74335 8.23989 7.04048 6.0712 5.27874 4.62401 4.0779 3.61839 3.22868 2.89574 2.60938 2.36156 2.14584 1.95708 1.79108 1.64442 1.51429 1.39836 1.29468 1.20164 1.11786 1.04219 0.973629 
100.063 68.3602 48.9574 36.3545 27.7899 21.7571 17.3789 14.1256 11.6546 9.74286 8.24022 7.04079 6.07149 5.27902 4.62428 4.07815 3.61864 3.22892 2.89597 2.60959 2.36176 2.14604 1.95724 1.79124 1.64457 1.51408 1.39821 1.29458 1.20179 1.11801 1.04233 0.973773 
100.064 68.3609 48.958 36.355 27.7904 21.7576 17.3815 14.1275 11.6561 9.74405 8.24054 7.04109 6.07177 5.27928 4.62453 4.07839 3.61886 3.22912 2.89616 2.60979 2.36195 2.14622 1.95745 1.79143 1.64476 1.51462 1.39868 1.295 1.20195 1.11816 1.04248 0.973917 
100.065 68.3616 48.9586 36.3556 27.7908 21.758 17.3818 14.1278 11.6564 9.74435 8.24082 7.04135 6.07202 5.27952 4.62476 4.0786 3.61907 3.22933 2.89636 2.60998 2.36213 2.1464 1.95762 1.7916 1.64492 1.51477 1.39883 1.29514 1.20209 1.1183 1.04261 0.974042 
100.066 68.3621 48.9591 36.356 27.7912 21.7584 17.3822 14.1281 11.6567 9.74461 8.24107 7.04159 6.07225 5.27974 4.62496 4.0788 3.61926 3.22951 2.89653 2.61015 2.36229 2.14655 1.95776 1.79174 1.64506 1.51491 1.39896 1.29527 1.20221 1.11842 1.04273 0.974156 
100.066 68.3627 48.9596 36.3564 27.7916 21.7587 17.3825 14.1284 11.657 9.74474 8.24121 7.04174 6.0724 5.27989 4.62512 4.07895 3.61941 3.22966 2.89668 2.61029 2.36243 2.14669 1.95789 1.79187 1.64518 1.51503 1.39908 1.29538 1.20232 1.11853 1.04284 0.974262 
100.067 68.3633 48.9601 36.3569 27.792 21.7591 17.3828 14.1287 11.6506 9.74511 8.24153 7.04202 6.07266 5.28012 4.62471 4.07867 3.61921 3.22858 2.8966 2.61025 2.36242 2.1467 1.95792 1.79191 1.64523 1.51509 1.39914 1.29545 1.20239 1.1186 1.04291 0.974339 
100.068 68.3638 48.9605 36.3572 27.7924 21.7594 17.3831 14.129 11.6575 9.74533 8.24088 7.04156 6.07234 5.27991 4.62519 4.07907 3.61955 3.22982 2.89686 2.61048 2.36262 2.14688 1.95809 1.79207 1.64538 1.51522 1.39927 1.29557 1.20251 1.11871 1.04302 0.97444 
100.068 68.3642 48.9608 36.3576 27.7926 21.7597 17.3833 14.1292 11.6577 9.74552 8.24192 7.04239 6.073 5.28045 4.62564 4.07945 3.61987 3.2301 2.8971 2.61069 2.36282 2.14706 1.95825 1.79221 1.64552 1.51535 1.39939 1.29569 1.20262 1.11882 1.04312 0.974535 
100.066 68.3625 48.9596 36.3567 27.7921 21.7599 17.3836 14.1294 11.6579 9.74571 8.2421 7.04256 6.07316 5.28054 4.62573 4.07954 3.61997 3.2302 2.8972 2.61079 2.36291 2.14715 1.95835 1.7923 1.64561 1.51544 1.39948 1.29577 1.2027 1.1189 1.0432 0.974612 
100.069 68.3649 48.9615 36.3581 27.7931 21.7601 17.3837 14.1296 11.658 9.74588 8.24226 7.0427 6.0733 5.28073 4.62591 4.0797 3.62012 3.23034 2.89733 2.61091 2.36303 2.14726 1.95845 1.7924 1.6457 1.51553 1.39956 1.29586 1.20278 1.11898 1.04327 0.974687 
100.069 68.3654 48.9619 36.3585 27.7935 21.7604 17.384 14.1298 11.6564 9.74471 8.24141 7.04286 6.07344 5.28087 4.62604 4.07982 3.62023 3.23045 2.89743 2.61101 2.36312 2.14735 1.95854 1.79249 1.64579 1.51561 1.39964 1.29593 1.20284 1.11903 1.04333 0.974744 
100.07 68.3658 48.9622 36.3588 27.7937 21.7606 17.3842 14.13 11.6584 9.74621 8.24257 7.043 6.07357 5.28098 4.62614 4.07993 3.62034 3.23054 2.89753 2.61086 2.36302 2.14728 1.95849 1.79246 1.64577 1.51561 1.39965 1.29595 1.20288 1.11908 1.04338 0.974793 
100.07 68.3661 48.9625 36.359 27.7939 21.7608 17.3844 14.1302 11.6586 9.74635 8.2427 7.04312 6.07369 5.2811 4.62626 4.08004 3.62044 3.23064 2.89762 2.61119 2.3633 2.14752 1.9587 1.79265 1.64594 1.51576 1.39979 1.29607 1.20299 1.11918 1.04347 0.974882 
100.071 68.3664 48.9628 36.3593 27.7941 21.761 17.3845 14.1303 11.6587 9.74649 8.24283 7.04324 6.0738 5.28121 4.62636 4.08013 3.62053 3.23073 2.89771 2.61127 2.36338 2.1476 1.95878 1.79272 1.64601 1.51583 1.39985 1.29614 1.20306 1.11924 1.04353 0.974939 
100.071 68.3667 48.963 36.3595 27.7943 21.7612 17.3847 14.1305 11.6588 9.74662 8.24295 7.04335 6.07391 5.28131 4.62646 4.08023 3.62062 3.23081 2.89779 2.61135 2.36345 2.14767 1.95885 1.79279 1.64607 1.51589 1.39991 1.2962 1.20311 1.1193 1.04358 0.974991 
100.071 68.3667 48.9631 36.3596 27.7944 21.7613 17.3809 14.1306 11.659 9.74672 8.24305 7.04345 6.074 5.2814 4.62654 4.08031 3.6207 3.23089 2.89786 2.61142 2.36352 2.14738 1.95861 1.7926 1.64593 1.51578 1.39983 1.29613 1.20317 1.11935 1.04364 0.975044 
100.067 68.3585 48.9571 36.3599 27.7947 21.7615 17.385 14.1307 11.6591 9.74685 8.24317 7.04356 6.07411 5.2815 4.62663 4.08039 3.62078 3.23097 2.89794 2.61149 2.36359 2.14779 1.95896 1.7929 1.64618 1.516 1.40002 1.2963 1.20322 1.1194 1.04369 0.97509 
100.072 68.3675 48.9637 36.3601 27.7949 21.7617 17.3851 14.1309 11.6592 9.74697 8.24327 7.04366 6.07419 5.28158 4.62671 4.08047 3.62085 3.23104 2.898 2.61156 2.36365 2.14636 1.95903 1.79297 1.64625 1.51606 1.40008 1.29636 1.20327 1.11945 1.04374 0.975138 
100.072 68.3677 48.9639 36.3602 27.795 21.7618 17.3853 14.131 11.6593 9.74707 8.24337 7.04375 6.07428 5.28166 4.62679 4.08054 3.62093 3.23111 2.89807 2.61162 2.36371 2.14792 1.95909 1.79302 1.6463 1.51611 1.40013 1.2964 1.20332 1.1195 1.04349 0.974937 
100.072 68.3677 48.9639 36.3603 27.7951 21.7619 17.3853 14.1311 11.6594 9.74715 8.24344 7.04382 6.07273 5.28174 4.62686 4.08061 3.62099 3.23117 2.89813 2.61168 2.36377 2.14798 1.95914 1.79307 1.64635 1.51616 1.40017 1.29645 1.20336 1.11954 1.04382 0.975221 
100.073 68.3681 48.9643 36.3606 27.7953 21.7621 17.3855 14.1312 11.6595 9.74726 8.24355 7.04392 6.07444 5.28182 4.62694 4.08068 3.62106 3.23123 2.89819 2.61047 2.36382 2.14803 1.95919 1.79312 1.6464 1.51621 1.40022 1.2965 1.20341 1.11958 1.04386 0.975263 
100.073 68.3682 48.9644 36.3607 27.7954 21.7622 17.3856 14.1313 11.6596 9.74734 8.24363 7.04399 6.07451 5.28188 4.627 4.08074 3.62112 3.23129 2.89825 2.61179 2.36388 2.14808 1.95924 1.79317 1.64644 1.51625 1.40026 1.29654 1.20345 1.11962 1.0439 0.9753 
100.073 68.3683 48.9644 36.3607 27.7955 21.7622 17.3857 14.1314 11.6597 9.74741 8.2437 7.04406 6.07458 5.28195 4.62706 4.0808 3.62117 3.23135 2.8983 2.61184 2.36392 2.14803 1.9592 1.79314 1.64643 1.51625 1.40026 1.29654 1.20346 1.11963 1.04392 0.975319 
100.073 68.3687 48.9648 36.361 27.7957 21.7624 17.3858 14.1315 11.6598 9.74751 8.24379 7.04414 6.07465 5.28202 4.62713 4.08086 3.62123 3.2314 2.89835 2.61189 2.36397 2.14818 1.95933 1.79326 1.64653 1.51633 1.40034 1.29661 1.20352 1.1197 1.04397 0.975371 
100.073 68.3688 48.9649 36.3611 27.7958 21.7625 17.3859 14.1316 11.6599 9.74759 8.24386 7.04421 6.07472 5.28208 4.62719 4.08092 3.62128 3.23145 2.8984 2.61194 2.36402 2.14822 1.95937 1.7933 1.64657 1.51637 1.40038 1.29665 1.20356 1.11973 1.04401 0.975403 
100.073 68.3688 48.9649 36.3611 27.7959 21.7626 17.386 14.1317 11.6599 9.74765 8.24392 7.04427 6.07477 5.28213 4.62724 4.08097 3.62133 3.2315 2.89844 2.61198 2.36406 2.14826 1.95941 1.79334 1.64661 1.51641 1.40042 1.29669 1.20359 1.11976 1.04404 0.975435 
100.074 68.3691 48.9651 36.3613 27.796 21.7627 17.3861 14.1318 11.66 9.74773 8.24399 7.04377 6.07441 5.28186 4.62704 4.08082 3.62122 3.23142 2.89839 2.61195 2.36404 2.14825 1.95941 1.79334 1.64661 1.51642 1.40043 1.2967 1.20361 1.11978 1.04406 0.975457 
100.074 68.3692 48.9653 36.3614 27.7961 21.7628 17.3862 14.1318 11.6601 9.7478 8.24405 7.04439 6.07489 5.28224 4.62734 4.08107 3.62143 3.23159 2.89853 2.61207 2.36414 2.14834 1.95949 1.79341 1.64668 1.51648 1.40048 1.29675 1.20365 1.11982 1.0441 0.975495 
100.074 68.3694 48.9654 36.3616 27.7962 21.7629 17.3863 14.1319 11.6602 9.74787 8.24412 7.04445 6.07495 5.2823 4.6274 4.08112 3.62147 3.23163 2.89858 2.61211 2.36418 2.14838 1.95953 1.79345 1.64671 1.51651 1.39931 1.29678 1.20368 1.11985 1.04413 0.975523 
100.074 68.3695 48.9655 36.3617 27.7963 21.763 17.3863 14.132 11.6472 9.74792 8.24417 7.0445 6.075 5.28234 4.62744 4.08116 3.62152 3.23167 2.89861 2.61215 2.36422 2.14841 1.95956 1.79348 1.64674 1.51654 1.40055 1.29681 1.20371 1.11988 1.04415 0.975545 
100.074 68.3697 48.9657 36.3618 27.7964 21.7552 17.3864 14.1321 11.6603 9.74799 8.24423 7.04456 6.07505 5.28239 4.62749 4.08121 3.62156 3.23171 2.89865 2.61218 2.36425 2.14845 1.95959 1.79351 1.64678 1.51657 1.40058 1.29684 1.20374 1.11991 1.04418 0.975575 
100.075 68.3698 48.9658 36.3619 27.7965 21.7631 17.3865 14.1321 11.6604 9.74805 8.24429 7.04453 6.07294 5.28239 4.62749 4.08122 3.62157 3.23173 2.89867 2.61221 2.36428 2.14847 1.9592 1.79319 1.64651 1.51636 1.4006 1.29686 1.20373 1.11991 1.04418 0.975578 
100.057 68.37 48.9659 36.362 27.7966 21.7632 17.3866 14.1322 11.6604 9.7481 8.24434 7.04466 6.07515 5.28248 4.62757 4.08129 3.62164 3.23179 2.89872 2.61225 2.36432 2.14851 1.95966 1.79357 1.64683 1.51663 1.40063 1.29689 1.20379 1.11996 1.04423 0.975623 
100.075 68.3701 48.966 36.3621 27.7967 21.7633 17.3866 14.1323 11.6605 9.74816 8.24439 7.04471 6.07519 5.28253 4.62761 4.08133 3.62167 3.23183 2.89876 2.61228 2.36435 2.14854 1.95969 1.7936 1.64686 1.51666 1.40066 1.29692 1.2038 1.11997 1.04424 0.975636 
100.075 68.3702 48.966 36.3621 27.7967 21.7634 17.3867 14.1323 11.6605 9.7482 8.24443 7.04475 6.07523 5.28257 4.62752 4.08126 3.62163 3.23179 2.89874 2.61227 2.36435 2.14854 1.95969 1.79361 1.64687 1.51667 1.40067 1.29693 1.20383 1.12 1.04427 0.975664 
100.075 68.3703 48.9662 36.3623 27.7968 21.7634 17.3868 14.1324 11.6606 9.74826 8.24449 7.0448 6.07528 5.28261 4.62769 4.0814 3.62174 3.23189 2.89882 2.61235 2.36441 2.1486 1.95974 1.79365 1.64691 1.51671 1.40071 1.29697 1.20387 1.12003 1.0443 0.97569 
100.075 68.3703 48.9662 36.3623 27.7969 21.7635 17.3868 14.1324 11.6606 9.7483 8.24452 7.04484 6.07531 5.28264 4.62772 4.08143 3.62177 3.23192 2.89885 2.61237 2.36444 2.14863 1.95977 1.79368 1.64694 1.51673 1.40073 1.29699 1.20389 1.12005 1.04432 0.97571 
100.075 68.3705 48.9663 36.3624 27.797 21.7636 17.3869 14.1325 11.6607 9.74835 8.24457 7.04488 6.07535 5.28268 4.62776 4.08147 3.62181 3.23195 2.89888 2.6124 2.36447 2.14865 1.95979 1.7937 1.64696 1.51675 1.40075 1.29701 1.20391 1.12007 1.04434 0.975729 
100.075 68.3706 48.9664 36.3625 27.797 21.7636 17.3869 14.1325 11.6607 9.74839 8.24461 7.04492 6.07539 5.28272 4.62779 4.0815 3.62184 3.23199 2.89891 2.61243 2.36449 2.14868 1.95982 1.79373 1.64699 1.51678 1.40077 1.29703 1.20393 1.12009 1.04436 0.97575 
100.067 68.364 48.9616 36.3626 27.7971 21.7637 17.387 14.1326 11.6608 9.74844 8.24466 7.04496 6.07543 5.28275 4.62783 4.08153 3.62187 3.23201 2.89894 2.61246 2.36452 2.1487 1.95984 1.79375 1.64701 1.5168 1.40078 1.29704 1.20394 1.12011 1.04437 0.975763 
100.055 68.3683 48.9648 36.3613 27.7962 21.763 17.3865 14.1323 11.6606 9.74827 8.24454 7.04488 6.07537 5.28271 4.6278 4.08152 3.62186 3.23201 2.89894 2.61247 2.36453 2.14872 1.95986 1.79377 1.64702 1.51682 1.40081 1.29707 1.20397 1.12013 1.0444 0.975785 
