0.0791167 0.0404467 0.0227719 0.0137806 0.00882044 0.00590429 0.00409968 0.00293479 0.00215577 0.00161891 0.00123924 0.00096463 0.000762041 0.00060995 0.00049398 0.000404307 0.000334089 0.000278474 0.000233965 0.000198004 0.000168694 0.000144612 0.000124678 0.000108063 9.4126e-05 8.23652e-05 7.23851e-05 6.38719e-05 5.65742e-05 5.02896e-05 4.4854e-05 4.01333e-05 
30.4375 19.181 12.6865 8.71266 6.16887 4.48055 3.32597 2.51608 1.93538 1.5109 1.19526 0.956938 0.774483 0.633035 0.522113 0.434213 0.363878 0.307096 0.260873 0.222957 0.191632 0.165579 0.143775 0.125421 0.109885 0.0966674 0.0853671 0.0756616 0.0672897 0.0600384 0.0537334 0.0482309 
38.873 25.758 17.8799 12.8589 9.51252 7.20185 5.55954 4.36372 3.47485 2.80224 2.28526 1.88235 1.56446 1.31085 1.10649 0.940303 0.804034 0.691457 0.597793 0.519359 0.453283 0.397308 0.349642 0.308853 0.273791 0.243521 0.217282 0.194451 0.174514 0.157043 0.141684 0.12814 
41.2325 27.6802 19.468 14.1879 10.6367 8.16193 6.38632 5.08086 4.10084 3.35173 2.76998 2.31183 1.94649 1.65188 1.4119 1.21462 1.0511 0.914529 0.799665 0.702442 0.619664 0.548801 0.487829 0.435122 0.389358 0.349461 0.314544 0.283875 0.256841 0.232944 0.211752 0.192905 
42.2499 28.5191 20.1711 14.7851 11.15 8.60752 6.77647 5.42507 4.40656 3.62485 3.01522 2.53303 2.14679 1.8339 1.57782 1.3663 1.19011 1.04222 0.917199 0.810838 0.719808 0.641471 0.573712 0.514826 0.463426 0.418375 0.378737 0.343737 0.312727 0.285166 0.260596 0.238631 
42.7987 28.9749 20.5557 15.1142 11.4349 8.85676 6.99649 5.62084 4.58193 3.78289 3.15838 2.66332 2.26584 1.94308 1.67826 1.45897 1.27582 1.12168 0.991027 0.879557 0.783883 0.70131 0.629677 0.567238 0.512571 0.464511 0.422095 0.384525 0.351134 0.321362 0.294738 0.270862 
43.1371 29.2571 20.7948 15.3196 11.6137 9.01386 7.13584 5.74544 4.69412 3.8845 3.25092 2.74798 2.34362 2.01478 1.7446 1.5205 1.33306 1.17504 1.04088 0.926219 0.827637 0.74239 0.668317 0.603632 0.546891 0.496913 0.452718 0.413496 0.378567 0.347362 0.3194 0.294271 
43.3602 29.444 20.9567 15.4592 11.7354 9.12119 7.23136 5.83112 4.77153 3.95486 3.31522 2.807 2.39804 2.06514 1.79134 1.56403 1.37369 1.21306 1.07653 0.959714 0.859163 0.772123 0.696382 0.630164 0.572006 0.520713 0.475298 0.434938 0.398949 0.366753 0.337862 0.311864 
43.5281 29.5842 21.073 15.5597 11.8233 9.19885 7.30064 5.89342 4.82794 4.00627 3.36231 2.85035 2.4381 2.1023 1.82593 1.59632 1.40391 1.24141 1.10318 0.984825 0.882861 0.794525 0.717594 0.650272 0.591092 0.53885 0.492551 0.451368 0.41461 0.381693 0.352127 0.325494 
43.6503 29.6867 21.1605 15.6353 11.8895 9.25686 7.35259 5.9403 4.87054 4.0452 3.39807 2.88335 2.46868 2.13074 1.85246 1.62114 1.4272 1.26331 1.12382 1.0043 0.901282 0.811973 0.734147 0.665996 0.606048 0.553092 0.506129 0.464325 0.426985 0.393524 0.363447 0.336333 
43.7449 29.7662 21.2284 15.6942 11.9412 9.30332 7.39406 5.97765 4.90441 4.07613 3.42647 2.90956 2.49297 2.15334 1.87356 1.64089 1.44574 1.28076 1.14028 1.01987 0.916022 0.825955 0.74743 0.678633 0.618085 0.564572 0.517089 0.4748 0.437006 0.403119 0.372642 0.345152 
43.8205 29.8298 21.2827 15.7413 11.9826 9.34007 7.42699 6.0074 4.93148 4.1009 3.44927 2.93064 2.51255 2.17159 1.89062 1.6569 1.46079 1.29495 1.15369 1.03256 0.928056 0.837386 0.758303 0.688945 0.627927 0.573976 0.526083 0.483411 0.445257 0.411032 0.380237 0.352447 
43.8821 29.8816 21.3271 15.7798 12.0164 9.37017 7.45399 6.03181 4.95372 4.12128 3.46805 2.94802 2.52742 2.18666 1.90474 1.67015 1.47327 1.30673 1.16482 1.04311 0.93807 0.846908 0.767372 0.697639 0.636223 0.581902 0.533665 0.490671 0.452217 0.417711 0.38665 0.358611 
43.9332 29.9247 21.364 15.8119 12.0447 9.39527 7.47653 6.05221 4.97231 4.13834 3.48378 2.96258 2.54225 2.19932 1.9166 1.6813 1.48377 1.31665 1.17421 1.05202 0.946535 0.854964 0.775051 0.704969 0.643228 0.588605 0.540085 0.496828 0.458126 0.423387 0.392109 0.363863 
43.9763 29.9611 21.3952 15.8337 12.0685 9.41652 7.49562 6.06951 4.98809 4.15282 3.49714 2.97499 2.55381 2.21011 1.92672 1.69082 1.49275 1.32513 1.18225 1.05964 0.953788 0.861872 0.78164 0.711262 0.649247 0.594368 0.545611 0.50213 0.463219 0.428284 0.39682 0.3684 
44.0131 29.9921 21.4218 15.8622 12.089 9.43473 7.512 6.08436 5.00165 4.16527 3.50864 2.98567 2.56375 2.21942 1.93545 1.69903 1.5005 1.33246 1.1892 1.06625 0.96007 0.867859 0.787354 0.716724 0.654475 0.599378 0.550416 0.506744 0.467655 0.432551 0.400928 0.372359 
44.045 30.019 21.4449 15.8823 12.1067 9.45052 7.52621 6.09725 5.01342 4.1761 3.51865 2.99495 2.57241 2.22752 1.94306 1.7062 1.50727 1.33887 1.19527 1.07202 0.965565 0.873099 0.792359 0.721511 0.659059 0.603771 0.554634 0.510797 0.471552 0.436303 0.404543 0.375844 
44.0727 30.0425 21.465 15.8999 12.1222 9.46434 7.53865 6.10854 5.02374 4.18559 3.52742 3.00311 2.58002 2.23464 1.94975 1.7125 1.51322 1.34451 1.20063 1.07711 0.970413 0.877726 0.79678 0.725663 0.663047 0.607607 0.558323 0.514349 0.474975 0.439603 0.407727 0.378919 
44.0971 30.0631 21.4828 15.9153 12.1358 9.47652 7.54962 6.11851 5.03286 4.19398 3.53518 3.01032 2.58675 2.24095 1.95568 1.71809 1.51851 1.34951 1.20538 1.08163 0.974724 0.881841 0.800714 0.729508 0.666723 0.611126 0.561698 0.51759 0.47809 0.442601 0.410615 0.381703 
44.1187 30.0813 21.4985 15.929 12.1479 9.48734 7.55938 6.12737 5.04097 4.20145 3.5421 3.01675 2.59276 2.24658 1.96097 1.72309 1.52323 1.35399 1.20963 1.08568 0.978583 0.885526 0.804239 0.732884 0.669961 0.614235 0.564686 0.520465 0.480859 0.44527 0.413191 0.38419 
44.1381 30.0977 21.5126 15.9413 12.1588 9.49705 7.56813 6.13532 5.04825 4.20815 3.54734 3.0218 2.59815 2.25164 1.96573 1.72758 1.52748 1.35802 1.21346 1.08932 0.982058 0.888846 0.807416 0.735928 0.672881 0.61704 0.567384 0.523061 0.483361 0.447682 0.415519 0.386439 
44.1553 30.1123 21.5251 15.9523 12.1685 9.50573 7.57597 6.14246 5.05443 4.21391 3.55369 3.02758 2.6029 2.25611 1.96996 1.73158 1.53127 1.36162 1.21689 1.0926 0.985186 0.891838 0.810282 0.738677 0.675521 0.619577 0.569825 0.525413 0.485628 0.44987 0.417631 0.38848 
44.171 30.1256 21.5367 15.9624 12.1774 9.51369 7.58314 6.14897 5.06075 4.21967 3.55896 3.03245 2.60743 2.26035 1.97393 1.73531 1.5348 1.36497 1.22007 1.09562 0.988066 0.89459 0.812915 0.7412 0.677941 0.621903 0.572062 0.527567 0.487704 0.451873 0.419566 0.39035 
44.1805 30.1379 21.5471 15.9715 12.1855 9.52087 7.58962 6.15487 5.06616 4.22466 3.5636 3.03677 2.61147 2.26413 1.97749 1.73868 1.53799 1.36799 1.22295 1.09836 0.990684 0.897093 0.815312 0.743495 0.680146 0.624023 0.574103 0.529534 0.489601 0.453704 0.421335 0.392061 
44.1981 30.1489 21.5566 15.9798 12.1928 9.52743 7.59554 6.16026 5.0711 4.22922 3.56783 3.0407 2.61515 2.26758 1.98074 1.74175 1.5409 1.37076 1.22558 1.10087 0.993083 0.899388 0.817512 0.745609 0.682177 0.625976 0.575983 0.531345 0.491348 0.455391 0.422965 0.393637 
44.2104 30.1589 21.5653 15.9873 12.1995 9.53344 7.60097 6.16521 5.07563 4.2334 3.57171 3.04432 2.61854 2.27077 1.98375 1.74459 1.54359 1.37331 1.22801 1.10319 0.995296 0.901506 0.819541 0.747497 0.683998 0.627734 0.577681 0.532987 0.492936 0.456927 0.424452 0.395078 
44.2212 30.1585 21.5732 15.9943 12.2057 9.53895 7.60595 6.16975 5.0798 4.23725 3.57528 3.04765 2.62166 2.2737 1.98651 1.7472 1.54607 1.37566 1.23025 1.10532 0.997339 0.903461 0.821415 0.749356 0.685777 0.62944 0.579319 0.534562 0.494453 0.45839 0.425864 0.396442 
44.2314 30.1767 21.5806 16.0008 12.2114 9.54408 7.61059 6.17397 5.08367 4.24082 3.57859 3.05074 2.62455 2.27642 1.98907 1.74963 1.54836 1.37785 1.23233 1.10731 0.999234 0.905275 0.823154 0.751026 0.687382 0.630985 0.580808 0.535998 0.495839 0.459729 0.427159 0.397695 
44.2407 30.1846 21.5874 16.0067 12.2167 9.5488 7.61486 6.17786 5.08725 4.24412 3.58166 3.0536 2.62723 2.27894 1.99145 1.75187 1.55049 1.37987 1.23426 1.10915 1.001 0.906962 0.824772 0.75258 0.688876 0.632423 0.582194 0.537335 0.49713 0.460977 0.428367 0.398864 
44.2493 30.1919 21.5937 16.0122 12.2216 9.55319 7.61883 6.18148 5.09057 4.24719 3.58451 3.05626 2.62972 2.28128 1.99366 1.75397 1.55247 1.38175 1.23605 1.11086 1.00263 0.908532 0.826278 0.754026 0.690268 0.633764 0.583486 0.538582 0.498335 0.462137 0.429489 0.399952 
44.2574 30.1988 21.5996 16.0174 12.2261 9.5573 7.62254 6.18486 5.09368 4.25006 3.58718 3.05875 2.63205 2.28347 1.99573 1.75592 1.55433 1.38352 1.23774 1.11247 1.00417 0.910005 0.827691 0.755384 0.691574 0.635021 0.584698 0.539751 0.499464 0.463233 0.430549 0.400978 
44.2649 30.2051 21.6051 16.0222 12.2257 9.56112 7.626 6.18802 5.09657 4.25274 3.58967 3.06107 2.63234 2.28552 1.99766 1.75775 1.55607 1.38517 1.23931 1.11397 1.00561 0.911382 0.829013 0.756654 0.692796 0.636198 0.585833 0.540847 0.500523 0.464258 0.431541 0.401938 
44.2719 30.2111 21.6103 16.0267 12.2344 9.56469 7.62923 6.19097 5.09928 4.25524 3.59199 3.06325 2.63626 2.28744 1.99947 1.75946 1.55769 1.38672 1.24078 1.11538 1.00696 0.912675 0.830158 0.757767 0.693878 0.637249 0.586854 0.541838 0.501486 0.465193 0.432449 0.402821 
44.2785 30.2167 21.6151 16.0309 12.2381 9.56805 7.63227 6.19374 5.10183 4.2576 3.59418 3.06529 2.63818 2.28924 2.00117 1.76108 1.55922 1.38818 1.24217 1.11671 1.00823 0.913891 0.831422 0.758969 0.695022 0.638343 0.587903 0.542846 0.502455 0.466127 0.43335 0.403691 
44.2846 30.2219 21.6196 16.0349 12.2416 9.57119 7.63511 6.19634 5.10422 4.25981 3.59623 3.06721 2.63998 2.29094 2.00277 1.76259 1.56066 1.38955 1.24348 1.11796 1.00942 0.915038 0.832523 0.760028 0.696043 0.639327 0.588852 0.543762 0.503341 0.466984 0.43418 0.404495 
44.2904 30.2268 21.6238 16.0386 12.2449 9.57415 7.6378 6.19879 5.10647 4.26189 3.59817 3.06902 2.64168 2.29254 2.00428 1.76402 1.56202 1.39084 1.24471 1.11913 1.01055 0.916116 0.833559 0.761025 0.697004 0.640253 0.589746 0.544626 0.504176 0.467792 0.434963 0.405254 
44.2957 30.2313 21.6278 16.0421 12.248 9.57693 7.64032 6.20109 5.10859 4.26385 3.6 3.07073 2.64328 2.29405 2.00571 1.76537 1.56331 1.39206 1.24588 1.12025 1.01162 0.917145 0.834546 0.761974 0.697917 0.641134 0.590596 0.545447 0.504969 0.46856 0.435706 0.405975 
44.301 30.2358 21.6316 16.0454 12.251 9.5776 7.64272 6.20329 5.11061 4.26572 3.60173 3.07235 2.6448 2.29548 2.00706 1.76665 1.56452 1.39322 1.24698 1.12131 1.01263 0.918115 0.835478 0.762868 0.698778 0.641964 0.591398 0.546222 0.505719 0.469286 0.43641 0.406657 
44.3058 30.2399 21.6352 16.0486 12.2538 9.58209 7.64499 6.20536 5.11251 4.26748 3.60337 3.07314 2.64567 2.29683 2.00834 1.76787 1.56568 1.39432 1.24803 1.12231 1.01359 0.919035 0.836363 0.763721 0.6996 0.642757 0.592163 0.546961 0.506434 0.469977 0.43708 0.407306 
44.3103 30.2437 21.6385 16.0515 12.2564 9.58442 7.64711 6.2073 5.1143 4.26905 3.60485 3.07528 2.64756 2.29808 2.00953 1.769 1.56675 1.39535 1.24902 1.12325 1.0145 0.919905 0.837199 0.764527 0.700377 0.643506 0.592886 0.54766 0.507111 0.470633 0.437716 0.407923 
44.3146 30.2476 21.6418 16.0544 12.259 9.58673 7.64919 6.20919 5.11604 4.27073 3.6064 3.07671 2.64878 2.29924 2.01064 1.77006 1.56777 1.39632 1.24994 1.12414 1.01535 0.920727 0.837991 0.765289 0.701113 0.644217 0.593573 0.548325 0.507754 0.471256 0.43832 0.408509 
44.3187 30.2509 21.6449 16.0571 12.2613 9.58886 7.65113 6.21093 5.11764 4.27223 3.6078 3.07802 2.65013 2.3005 2.0118 1.77115 1.5688 1.39729 1.25087 1.12503 1.01619 0.921535 0.838765 0.766033 0.701827 0.644905 0.594237 0.548966 0.508374 0.471857 0.438901 0.409073 
44.3226 30.2542 21.6476 16.0595 12.2635 9.59082 7.65292 6.21261 5.11919 4.27367 3.6069 3.07927 2.6513 2.3016 2.01285 1.77215 1.56974 1.39819 1.25173 1.12585 1.01698 0.922291 0.839491 0.766732 0.702502 0.645556 0.594866 0.549574 0.508962 0.472426 0.439453 0.409608 
44.3268 30.2577 21.6505 16.062 12.2658 9.59284 7.65473 6.21425 5.1207 4.27506 3.60989 3.08007 2.65212 2.30243 2.01386 1.7731 1.57065 1.39906 1.25255 1.12664 1.01774 0.923014 0.840186 0.767401 0.703146 0.64616 0.595404 0.550102 0.50948 0.472933 0.439949 0.410093 
44.3283 30.2592 21.6503 16.0623 12.2672 9.59426 7.65609 6.21556 5.12194 4.27624 3.61155 3.08154 2.65345 2.30363 2.01478 1.77398 1.57149 1.39986 1.25333 1.12737 1.01845 0.923697 0.840844 0.768036 0.703759 0.646769 0.596038 0.550708 0.51006 0.473488 0.440483 0.410608 
44.3336 30.2636 21.6556 16.0665 12.2697 9.59642 7.65799 6.21724 5.12345 4.27761 3.6128 3.0827 2.65452 2.30464 2.01572 1.77487 1.57233 1.40066 1.25409 1.1281 1.01914 0.924364 0.841485 0.768652 0.704352 0.647341 0.596591 0.551242 0.510577 0.47399 0.44097 0.41108 
44.3365 30.2661 21.6578 16.0685 12.2715 9.59803 7.65946 6.21859 5.11569 4.27878 3.6139 3.08373 2.65549 2.30555 2.01659 1.77569 1.57311 1.40141 1.2548 1.12879 1.0198 0.924995 0.842092 0.769237 0.704916 0.647886 0.597117 0.551751 0.510893 0.474468 0.441434 0.41153 
44.3379 30.2674 21.6592 16.0707 12.2735 9.59975 7.661 6.217 5.12598 4.27995 3.61499 3.08081 2.65644 2.30645 2.01743 1.77649 1.57387 1.40213 1.25549 1.12944 1.02042 0.925596 0.842671 0.769795 0.705455 0.648407 0.597621 0.552239 0.511542 0.474926 0.441878 0.411961 
44.3431 30.2716 21.6626 16.0726 12.2752 9.6013 7.66241 6.22127 5.12717 4.28105 3.61601 3.0857 2.65734 2.30729 2.01823 1.77725 1.5746 1.40282 1.25615 1.13008 1.02104 0.926185 0.843237 0.770339 0.705979 0.648912 0.598109 0.552682 0.511974 0.475348 0.442289 0.412362 
44.3459 30.274 21.6614 16.0744 12.2768 9.60276 7.66373 6.22249 5.12829 4.28209 3.61698 3.08661 2.6582 2.3081 2.019 1.77798 1.57529 1.40348 1.25679 1.13069 1.02162 0.926744 0.843774 0.770611 0.706274 0.649395 0.598575 0.553162 0.512436 0.475792 0.442717 0.412776 
44.3488 30.2764 21.6667 16.0763 12.2784 9.60418 7.66503 6.22368 5.12938 4.28311 3.61792 3.08749 2.65902 2.30889 2.01974 1.77868 1.57596 1.40412 1.25739 1.13127 1.02218 0.927282 0.844291 0.771355 0.706959 0.649859 0.599024 0.553596 0.512856 0.4762 0.443113 0.41316 
44.3514 30.2787 21.6687 16.078 12.2799 9.60558 7.66629 6.22483 5.13044 4.28408 3.61883 3.08834 2.65982 2.30964 2.02045 1.77936 1.5766 1.40473 1.25798 1.13183 1.02272 0.927799 0.844789 0.771833 0.707421 0.650305 0.599455 0.553999 0.513249 0.476581 0.443485 0.413522 
44.3539 30.2808 21.6705 16.0796 12.2814 9.60689 7.66748 6.22592 5.13144 4.28502 3.6197 3.08916 2.66059 2.31036 2.02114 1.78001 1.57722 1.40532 1.25855 1.13237 1.02324 0.928297 0.845269 0.772296 0.707867 0.650736 0.599872 0.554417 0.513651 0.47697 0.443861 0.413887 
44.3564 30.2829 21.6723 16.0812 12.2828 9.60815 7.66863 6.22697 5.13241 4.28591 3.62054 3.08994 2.66133 2.31106 2.0218 1.78063 1.57782 1.40589 1.25909 1.13289 1.02373 0.928777 0.84573 0.772741 0.708296 0.65115 0.600273 0.554805 0.514027 0.477334 0.444214 0.41423 
44.3587 30.2849 21.6741 16.0827 12.2841 9.60937 7.66973 6.22798 5.13334 4.28678 3.62134 3.09069 2.66204 2.31173 2.02243 1.78124 1.57839 1.40644 1.25961 1.13339 1.02422 0.929239 0.846175 0.77317 0.70871 0.65155 0.600659 0.555179 0.51439 0.477687 0.444556 0.414562 
44.3609 30.2817 21.6757 16.0841 12.2854 9.61052 7.67078 6.22894 5.13423 4.2876 3.62212 3.09142 2.66272 2.31237 2.02304 1.78182 1.57894 1.40697 1.26012 1.13387 1.02468 0.929685 0.846604 0.773584 0.709109 0.651936 0.601032 0.55554 0.51474 0.478024 0.444884 0.41488 
44.3631 30.2886 21.6773 16.0856 12.2867 9.61166 7.67181 6.22988 5.1351 4.28841 3.62287 3.09212 2.66338 2.313 2.02363 1.78238 1.57948 1.40748 1.2606 1.13434 1.02513 0.930115 0.847019 0.773983 0.709495 0.652308 0.601392 0.555889 0.515078 0.478354 0.445203 0.415191 
44.3652 30.2904 21.6789 16.0869 12.2879 9.61275 7.67281 6.2308 5.13594 4.28919 3.62359 3.0928 2.66402 2.3136 2.0242 1.78292 1.57999 1.40797 1.26107 1.13479 1.02556 0.930532 0.84742 0.77437 0.709868 0.652669 0.601742 0.556227 0.515406 0.478672 0.445512 0.41549 
44.3672 30.2922 21.6804 16.0882 12.2891 9.61381 7.67376 6.23167 5.13675 4.28994 3.62429 3.09346 2.66463 2.31418 2.02475 1.78344 1.58049 1.40844 1.26153 1.13522 1.02598 0.930931 0.847805 0.774741 0.710227 0.653016 0.602077 0.556552 0.515721 0.478978 0.445809 0.415779 
44.3692 30.2706 21.6801 16.0882 12.2893 9.61415 7.6742 6.23252 5.13753 4.29066 3.62497 3.09409 2.66523 2.31474 2.02529 1.78395 1.58097 1.40888 1.26195 1.13563 1.02637 0.931313 0.848173 0.775097 0.710571 0.65335 0.602401 0.556865 0.516025 0.479273 0.446096 0.416058 
44.3692 30.2706 21.6801 16.0882 12.2893 9.61415 7.6742 6.23252 5.13753 4.29066 3.62497 3.09409 2.66523 2.31474 2.02529 1.78395 1.58097 1.40888 1.26195 1.13563 1.02637 0.931313 0.848173 0.775097 0.710571 0.65335 0.602401 0.556865 0.516025 0.479273 0.446096 0.416058 
44.4121 30.3304 21.7136 16.1175 12.3151 9.6373 7.69514 6.25127 5.15485 4.30675 3.63999 3.10819 2.67851 2.3273 2.03719 1.79527 1.59177 1.41922 1.27185 1.14513 1.03549 0.940092 0.856333 0.783262 0.71846 0.66098 0.609789 0.564027 0.522973 0.486019 0.452651 0.422433 
44.4311 30.3467 21.7277 16.13 12.3263 9.64737 7.70431 6.2597 5.16265 4.31402 3.64679 3.11458 2.68454 2.33301 2.04262 1.80045 1.59671 1.42395 1.27639 1.14949 1.03969 0.944139 0.860541 0.787039 0.722115 0.664522 0.613224 0.567362 0.526212 0.489169 0.455717 0.425419 
44.4419 30.3559 21.7358 16.1371 12.3326 9.65311 7.70955 6.26452 5.16711 4.31817 3.65069 3.11824 2.68801 2.3363 2.04575 1.80342 1.59956 1.42668 1.27901 1.15201 1.04212 0.946484 0.862807 0.789232 0.72424 0.666582 0.615225 0.569306 0.528103 0.491008 0.457509 0.427165 
44.4488 30.3618 21.7409 16.1416 12.3367 9.65681 7.71293 6.26764 5.17 4.32087 3.65321 3.12062 2.69026 2.33843 2.04778 1.80537 1.60142 1.42846 1.28072 1.15366 1.04371 0.94802 0.864293 0.79067 0.725635 0.667936 0.616539 0.570584 0.529348 0.492222 0.458691 0.428318 
44.4537 30.366 21.7445 16.1448 12.3396 9.65941 7.71531 6.26982 5.17203 4.32276 3.65499 3.1223 2.69184 2.33994 2.04921 1.80673 1.60273 1.42972 1.28193 1.15483 1.04484 0.949106 0.865343 0.791688 0.726622 0.668895 0.617471 0.571491 0.530198 0.493055 0.459507 0.429118 
44.4558 30.368 21.7471 16.1471 12.3417 9.66129 7.71704 6.27142 5.17352 4.32416 3.6563 3.12354 2.69301 2.34105 2.05028 1.80775 1.6037 1.43065 1.28282 1.15569 1.04567 0.949911 0.866124 0.792445 0.727357 0.669609 0.618166 0.572167 0.53089 0.493725 0.460158 0.42975 
44.4582 30.37 21.7482 16.1483 12.3428 9.66241 7.71841 6.27269 5.17469 4.32525 3.65733 3.1245 2.69393 2.34188 2.05107 1.80852 1.60444 1.43137 1.28352 1.15636 1.04632 0.950538 0.866731 0.793034 0.727929 0.670165 0.618707 0.572694 0.531403 0.494225 0.460646 0.430227 
44.4621 30.3733 21.7509 16.1504 12.3446 9.66398 7.71947 6.27367 5.1756 4.3261 3.65813 3.12526 2.69465 2.3426 2.05176 1.80917 1.60506 1.43196 1.28408 1.1569 1.04684 0.951044 0.86722 0.793509 0.728389 0.670612 0.618889 0.573117 0.531815 0.494627 0.461038 0.43061 
44.4614 30.3748 21.7522 16.1516 12.3457 9.66493 7.72036 6.27449 5.17521 4.32595 3.6588 3.12589 2.69524 2.34317 2.0523 1.80968 1.60555 1.43243 1.28454 1.15734 1.04727 0.951456 0.867619 0.793889 0.728759 0.670972 0.619493 0.57346 0.532149 0.494954 0.461358 0.430922 
44.4653 30.3709 21.7532 16.1525 12.3465 9.6657 7.72107 6.27515 5.17698 4.32739 3.65934 3.1264 2.69573 2.34363 2.05274 1.81011 1.60596 1.43283 1.28492 1.15771 1.04762 0.951797 0.86795 0.794216 0.729076 0.67128 0.619792 0.57375 0.532432 0.495228 0.461625 0.431184 
44.4665 30.377 21.7454 16.1401 12.3473 9.66638 7.72169 6.27572 5.17751 4.32788 3.6598 3.12684 2.69615 2.34403 2.05312 1.81047 1.60631 1.43316 1.28524 1.15802 1.04792 0.952086 0.86823 0.794488 0.72934 0.671537 0.620042 0.573994 0.532668 0.49546 0.461852 0.431405 
44.4641 30.3753 21.7531 16.1536 12.3476 9.6667 7.72204 6.27607 5.17786 4.32823 3.66015 3.12717 2.69647 2.34434 2.05342 1.81076 1.60659 1.43344 1.28551 1.15828 1.04817 0.95233 0.868468 0.794719 0.729565 0.671752 0.620252 0.5742 0.532871 0.495659 0.462046 0.431595 
44.4684 30.3787 21.7556 16.1547 12.3484 9.66743 7.72266 6.27661 5.17834 4.32867 3.66054 3.12754 2.69681 2.34466 2.05372 1.81104 1.60686 1.43369 1.28575 1.15851 1.0484 0.952549 0.868679 0.794924 0.729764 0.671949 0.620443 0.574385 0.533052 0.495835 0.462218 0.431763 
44.4693 30.3794 21.7563 16.1552 12.3489 9.66789 7.72307 6.27699 5.17869 4.32899 3.66085 3.12783 2.69708 2.34492 2.05396 1.81128 1.60709 1.43391 1.28596 1.15871 1.04859 0.952738 0.868862 0.795102 0.729937 0.672117 0.620607 0.574545 0.533208 0.495987 0.462366 0.431908 
44.4701 30.3801 21.7568 16.1557 12.3494 9.66827 7.72343 6.27732 5.179 4.32927 3.66111 3.12808 2.69731 2.34505 2.0541 1.81143 1.60724 1.43406 1.28611 1.15887 1.04874 0.952889 0.869011 0.795248 0.73008 0.672258 0.620745 0.57468 0.533341 0.496117 0.462494 0.432034 
44.4706 30.3806 21.7573 16.1561 12.3497 9.6686 7.72373 6.2776 5.17926 4.32952 3.66134 3.1283 2.69753 2.34433 2.05437 1.81167 1.60746 1.43427 1.28631 1.15905 1.04891 0.953053 0.869167 0.795398 0.730224 0.672397 0.62088 0.574811 0.533467 0.49624 0.462614 0.432151 
44.4707 30.3807 21.7574 16.1563 12.3499 9.66881 7.72394 6.2778 5.17946 4.32972 3.66153 3.12848 2.6977 2.34551 2.05453 1.81183 1.60761 1.43442 1.28645 1.15919 1.04905 0.953184 0.869295 0.795522 0.730345 0.672515 0.620995 0.574923 0.533577 0.496347 0.462719 0.43225 
44.4717 30.3078 21.7581 16.1568 12.3504 9.66918 7.72426 6.27809 5.17971 4.32995 3.66174 3.12868 2.69789 2.34568 2.0547 1.81198 1.60776 1.43456 1.28659 1.15932 1.04918 0.953305 0.869412 0.795636 0.730456 0.672622 0.6211 0.575023 0.533674 0.496443 0.462812 0.432344 
44.4721 30.3819 21.7584 16.1571 12.3506 9.66942 7.72354 6.2776 5.1794 4.32975 3.66191 3.12883 2.69803 2.34583 2.05483 1.81211 1.60789 1.43468 1.2867 1.15943 1.04928 0.953411 0.8695 0.795724 0.730544 0.672549 0.621051 0.574997 0.53376 0.496527 0.462895 0.432426 
44.4726 30.3822 21.7587 16.1574 12.3509 9.66965 7.72469 6.27848 5.18008 4.33029 3.66207 3.12898 2.69818 2.34596 2.05496 1.81224 1.608 1.43479 1.28681 1.15953 1.04939 0.953509 0.869611 0.795829 0.730644 0.672806 0.621278 0.5752 0.533847 0.496611 0.462977 0.432505 
44.4729 30.3825 21.759 16.1576 12.3511 9.66985 7.72487 6.27866 5.18024 4.33044 3.66221 3.12912 2.6983 2.34608 2.05508 1.81235 1.60811 1.4349 1.28691 1.15963 1.04948 0.953602 0.8697 0.795916 0.730728 0.672887 0.621358 0.575276 0.533922 0.496684 0.463048 0.432575 
44.4732 30.3828 21.7592 16.1578 12.3513 9.67003 7.72503 6.27881 5.18039 4.33058 3.66234 3.12924 2.69842 2.34619 2.05519 1.81245 1.60821 1.43499 1.287 1.15972 1.04957 0.953684 0.86978 0.795993 0.730804 0.67296 0.621429 0.575346 0.53399 0.496751 0.463114 0.432639 
44.4735 30.3831 21.7594 16.1581 12.3515 9.6702 7.72519 6.27896 5.18052 4.33065 3.66241 3.12932 2.6985 2.34628 2.05527 1.81253 1.60829 1.43507 1.28708 1.1598 1.04964 0.953757 0.869851 0.796063 0.730872 0.673028 0.621495 0.575411 0.534053 0.496813 0.463174 0.432698 
44.4738 30.3833 21.7597 16.1583 12.3517 9.67036 7.72534 6.27909 5.17771 4.33082 3.66257 3.12946 2.69863 2.34639 2.0551 1.81242 1.60822 1.43461 1.28706 1.15979 1.04965 0.953774 0.869876 0.796093 0.730906 0.673065 0.621535 0.575453 0.534097 0.496857 0.463219 0.432744 
44.4741 30.3836 21.7599 16.1584 12.3518 9.67051 7.72548 6.27922 5.18077 4.33093 3.66229 3.12926 2.6985 2.34631 2.05533 1.81261 1.60838 1.43517 1.28719 1.15991 1.04975 0.953868 0.869963 0.796174 0.730983 0.673137 0.621603 0.575518 0.534159 0.496917 0.463277 0.4328 
44.4743 30.3837 21.76 16.1586 12.352 9.67064 7.7256 6.27933 5.18087 4.33103 3.66277 3.12964 2.6988 2.34656 2.05554 1.81278 1.60853 1.4353 1.2873 1.16001 1.04985 0.953956 0.870044 0.79625 0.731054 0.673204 0.621667 0.575579 0.534217 0.496973 0.463331 0.432851 
44.4733 30.383 21.7595 16.1582 12.3517 9.67076 7.72572 6.27944 5.18097 4.33113 3.66286 3.12973 2.69885 2.34661 2.05559 1.81284 1.60859 1.43536 1.28736 1.16007 1.0499 0.954008 0.870095 0.7963 0.731103 0.673253 0.621715 0.575625 0.534263 0.497018 0.463375 0.432895 
44.4747 30.3841 21.7603 16.1589 12.3522 9.67086 7.72581 6.27953 5.18106 4.33121 3.66293 3.1298 2.69896 2.34671 2.05567 1.81292 1.60866 1.43543 1.28742 1.16013 1.04996 0.954065 0.87015 0.796353 0.731154 0.673302 0.621762 0.575672 0.534308 0.497062 0.463417 0.432937 
44.475 30.3843 21.7606 16.159 12.3524 9.671 7.72593 6.27963 5.18035 4.3307 3.66257 3.12988 2.69903 2.34678 2.05574 1.81298 1.60872 1.43548 1.28748 1.16018 1.05001 0.954115 0.870199 0.7964 0.7312 0.673347 0.621806 0.575703 0.53434 0.497094 0.46345 0.43297 
44.4752 30.3845 21.7607 16.1592 12.3525 9.6711 7.72603 6.27972 5.18124 4.33138 3.66309 3.12994 2.69909 2.34683 2.0558 1.81304 1.60877 1.43553 1.28753 1.16012 1.04997 0.954091 0.870186 0.796396 0.731203 0.673355 0.621818 0.57573 0.534368 0.497123 0.46348 0.432999 
44.4754 30.3846 21.7608 16.1593 12.3526 9.6712 7.72611 6.27981 5.18131 4.33145 3.66316 3.13001 2.69916 2.3469 2.05586 1.81309 1.60883 1.43559 1.28758 1.16028 1.0501 0.954205 0.870286 0.796485 0.731282 0.673427 0.621884 0.575791 0.534424 0.497175 0.463529 0.433046 
44.4756 30.3848 21.761 16.1594 12.3527 9.67129 7.7262 6.27989 5.18139 4.33152 3.66322 3.13007 2.69921 2.34695 2.05591 1.81314 1.60888 1.43563 1.28762 1.16032 1.05015 0.954246 0.870326 0.796524 0.73132 0.673464 0.62192 0.575826 0.534458 0.497209 0.463561 0.433078 
44.4757 30.3849 21.7611 16.1595 12.3528 9.67138 7.72628 6.27996 5.18146 4.33158 3.66328 3.13013 2.69927 2.347 2.05596 1.81319 1.60892 1.43568 1.28767 1.16036 1.05019 0.954285 0.870364 0.796561 0.731356 0.673499 0.621954 0.575859 0.534491 0.497239 0.463591 0.433107 
44.4757 30.385 21.7611 16.1595 12.3528 9.67143 7.7246 6.28001 5.18151 4.33163 3.66333 3.13018 2.69932 2.34705 2.056 1.81323 1.60896 1.43572 1.28771 1.1604 1.05022 0.95416 0.870266 0.796485 0.731299 0.673456 0.621923 0.575837 0.534476 0.497232 0.463589 0.433108 
44.474 30.3813 21.7584 16.1589 12.353 9.67154 7.72642 6.28009 5.18158 4.3317 3.66339 3.13024 2.69937 2.3471 2.05605 1.81328 1.60901 1.43574 1.28773 1.16043 1.05025 0.954349 0.870427 0.796623 0.731417 0.673559 0.622014 0.575918 0.534548 0.497297 0.463646 0.433161 
44.4761 30.3853 21.7614 16.1598 12.353 9.67161 7.72649 6.28016 5.18164 4.33175 3.66344 3.13028 2.69941 2.34714 2.05609 1.81332 1.60904 1.43579 1.28778 1.16047 1.05029 0.953719 0.870464 0.796659 0.731451 0.673592 0.622045 0.575948 0.534578 0.497325 0.463675 0.433189 
44.4762 30.3854 21.7615 16.1599 12.3531 9.67168 7.72655 6.28021 5.18169 4.3318 3.66349 3.13033 2.69946 2.34718 2.05613 1.81336 1.60908 1.43583 1.28781 1.16051 1.05033 0.954419 0.870494 0.796687 0.73148 0.67362 0.622072 0.575974 0.534603 0.497351 0.463573 0.433105 
44.4762 30.3854 21.7615 16.1599 12.3531 9.67171 7.72659 6.28025 5.18174 4.33184 3.66353 3.13037 2.69877 2.34722 2.05617 1.81339 1.60912 1.43586 1.28785 1.16054 1.05036 0.954448 0.870522 0.796715 0.731504 0.673643 0.622096 0.575998 0.534626 0.497373 0.463723 0.433236 
44.4765 30.3856 21.7617 16.16 12.3533 9.67181 7.72668 6.28033 5.1818 4.3319 3.66359 3.13042 2.69954 2.34726 2.05621 1.81343 1.60915 1.4359 1.28788 1.16001 1.05039 0.954479 0.870551 0.796743 0.731534 0.673672 0.622123 0.576024 0.534652 0.497398 0.463747 0.433259 
44.4766 30.3857 21.7617 16.1601 12.3533 9.67186 7.72672 6.28037 5.18184 4.33194 3.66362 3.13045 2.69958 2.3473 2.05624 1.81346 1.60918 1.43593 1.28791 1.1606 1.05041 0.954505 0.870577 0.796769 0.731558 0.673696 0.622146 0.576047 0.534674 0.497416 0.463764 0.433277 
44.4766 30.3857 21.7618 16.1601 12.3533 9.6719 7.72676 6.28041 5.18188 4.33198 3.66366 3.13049 2.69961 2.34733 2.05627 1.81349 1.60921 1.43596 1.28794 1.16055 1.05038 0.954485 0.870564 0.796762 0.731556 0.673698 0.622151 0.576054 0.534683 0.49743 0.46378 0.433292 
44.4768 30.3859 21.7619 16.1602 12.3534 9.67198 7.72683 6.28047 5.18193 4.33203 3.6637 3.13053 2.69965 2.34737 2.05631 1.81352 1.60924 1.43599 1.28796 1.16065 1.05047 0.954556 0.870626 0.796816 0.731605 0.673742 0.622191 0.57609 0.534717 0.497461 0.463809 0.43332 
44.4769 30.3859 21.762 16.1603 12.3535 9.67203 7.72688 6.28051 5.18197 4.33207 3.66374 3.13056 2.69968 2.3474 2.05634 1.81355 1.60927 1.43601 1.28799 1.16067 1.05049 0.954579 0.870647 0.796837 0.731625 0.673762 0.622211 0.57611 0.534736 0.49748 0.463827 0.433338 
44.4769 30.3859 21.762 16.1603 12.3535 9.67206 7.72691 6.28054 5.182 4.3321 3.66377 3.13059 2.69971 2.34742 2.05636 1.81358 1.60929 1.43604 1.28801 1.1607 1.05051 0.954601 0.870671 0.796859 0.731647 0.673783 0.622231 0.576129 0.534755 0.497497 0.463844 0.433354 
44.477 30.3861 21.7621 16.1604 12.3536 9.67212 7.72696 6.28059 5.18205 4.33214 3.66348 3.13038 2.69955 2.34731 2.05628 1.81352 1.60925 1.43601 1.28799 1.16069 1.05051 0.954599 0.870672 0.796864 0.731654 0.673791 0.622241 0.57614 0.534767 0.497511 0.463858 0.433369 
44.4771 30.3861 21.7621 16.1605 12.3536 9.67216 7.727 6.28063 5.18208 4.33217 3.66384 3.13066 2.69977 2.34748 2.05642 1.81363 1.60935 1.43608 1.28806 1.16074 1.05056 0.954643 0.870712 0.796899 0.731686 0.673821 0.622268 0.576166 0.53479 0.497534 0.463879 0.433389 
44.4772 30.3862 21.7622 16.1605 12.3537 9.67221 7.72705 6.28067 5.18212 4.3322 3.66387 3.13069 2.6998 2.34751 2.05644 1.81365 1.60937 1.43611 1.28808 1.16076 1.05058 0.954663 0.870731 0.796918 0.731704 0.673838 0.621752 0.576183 0.534807 0.49755 0.463895 0.433404 
44.4772 30.3863 21.7623 16.1605 12.3537 9.67225 7.72708 6.2807 5.17637 4.33223 3.6639 3.13072 2.69982 2.34753 2.05647 1.81368 1.60939 1.43613 1.2881 1.16078 1.0506 0.954682 0.87075 0.796936 0.731722 0.673855 0.622302 0.576199 0.53482 0.497563 0.463908 0.433418 
44.4774 30.3864 21.7623 16.1606 12.3538 9.66879 7.72713 6.28074 5.18219 4.33227 3.66393 3.13074 2.69985 2.34756 2.05649 1.8137 1.60941 1.43615 1.28812 1.1608 1.05061 0.954701 0.870768 0.796954 0.731739 0.673872 0.622318 0.576215 0.534838 0.49758 0.463925 0.433434 
44.4774 30.3864 21.7624 16.1607 12.3538 9.67233 7.72716 6.28077 5.18213 4.33223 3.66391 3.13073 2.69892 2.34756 2.0565 1.81371 1.60942 1.43616 1.28814 1.16082 1.05063 0.954715 0.870594 0.796813 0.731624 0.673779 0.622332 0.576229 0.534838 0.497582 0.463928 0.433438 
44.4697 30.3865 21.7624 16.1607 12.3539 9.67237 7.72719 6.28081 5.18225 4.33232 3.66398 3.13079 2.6999 2.34761 2.05653 1.81374 1.60945 1.43619 1.28816 1.16084 1.05065 0.954735 0.870801 0.796986 0.731771 0.673903 0.622349 0.576244 0.534867 0.497609 0.463953 0.433461 
44.4776 30.3866 21.7625 16.1608 12.3539 9.67242 7.72723 6.28084 5.18228 4.33235 3.66401 3.13082 2.69992 2.34763 2.05656 1.81376 1.60947 1.43621 1.28818 1.16086 1.05067 0.954752 0.870817 0.797002 0.731786 0.673918 0.622363 0.576258 0.534874 0.497616 0.463961 0.433469 
44.4776 30.3866 21.7625 16.1608 12.3539 9.67244 7.72725 6.28086 5.1823 4.33237 3.66403 3.13084 2.69994 2.34765 2.05652 1.81374 1.60946 1.4362 1.28817 1.16086 1.05067 0.954755 0.870822 0.797008 0.731793 0.673926 0.622372 0.576268 0.534891 0.497632 0.463976 0.433484 
44.4777 30.3867 21.7626 16.1608 12.354 9.67248 7.72729 6.2809 5.18233 4.3324 3.66406 3.13086 2.69997 2.34767 2.0566 1.8138 1.60951 1.43624 1.28821 1.16089 1.0507 0.954783 0.870847 0.797031 0.731814 0.673946 0.62239 0.576285 0.534907 0.497648 0.463991 0.433498 
44.4777 30.3866 21.7626 16.1609 12.354 9.6725 7.72731 6.28091 5.18235 4.33242 3.66408 3.13088 2.69998 2.34769 2.05661 1.81382 1.60953 1.43626 1.28823 1.16091 1.05071 0.954797 0.870861 0.797045 0.731828 0.673959 0.622403 0.576297 0.534919 0.49766 0.464003 0.43351 
44.4778 30.3867 21.7627 16.1609 12.3541 9.67254 7.72735 6.28095 5.18238 4.33245 3.6641 3.13091 2.70001 2.34771 2.05663 1.81384 1.60954 1.43628 1.28825 1.16092 1.05073 0.954812 0.870875 0.797058 0.731838 0.67397 0.622414 0.576308 0.53493 0.49767 0.464013 0.43352 
44.4778 30.3868 21.7627 16.1609 12.3541 9.67257 7.72737 6.28097 5.1824 4.33247 3.66412 3.13093 2.70002 2.34773 2.05665 1.81385 1.60956 1.43629 1.28826 1.16094 1.05074 0.954826 0.870889 0.797072 0.731854 0.673984 0.622428 0.576321 0.534943 0.497683 0.464025 0.433532 
44.4739 30.3838 21.7605 16.161 12.3541 9.6726 7.72741 6.281 5.18243 4.33249 3.66414 3.13095 2.70004 2.34774 2.05667 1.81387 1.60958 1.43631 1.28827 1.16095 1.05076 0.954839 0.870902 0.797084 0.731866 0.67399 0.622434 0.576328 0.53495 0.49769 0.464033 0.43354 
44.4688 30.3858 21.762 16.1604 12.3537 9.67231 7.7272 6.28085 5.18232 4.33242 3.66409 3.13091 2.70002 2.34773 2.05666 1.81387 1.60958 1.43631 1.28828 1.16096 1.05076 0.954846 0.87091 0.797093 0.731875 0.674005 0.622448 0.576342 0.534963 0.497703 0.464045 0.433551 
